1
2 0.728891 0.25 0.00267001 0.402741 
2 0.698801 0.25 0.0326716 0.40603 
2 0.519592 0.25 0.198941 0.0260714 
2 0.725815 0.25 0.0782647 0.490146 
2 0.977391 0.25 0.00359435 0.487026 
2 0.25 0.25 0.25 0.448864 
2 0.31987 0.25 0.247224 0.476618 
2 0.25 0.25 0.25 0.495604 
2 0.915261 0.25 0.0385075 0.449629 
2 0.25 0.25 0.25 0.338396 
2 0.299826 0.25 0.274633 0.49427 
2 0.25 0.25 0.25 0.460343 
2 0.272438 0.25 0.267183 0.475037 
2 0.84829 0.25 0.0424397 0.384437 
2 0.25 0.25 0.25 0.25 
2 0.88436 0.25 0.0635588 0.459567 
2 0.672096 0.25 0.327184 0.472583 
2 0.25 0.25 0.25 0.454206 
2 0.744434 0.25 0.116585 0.451143 
2 0.356506 0.25 0.57964 0.499838 
2 0.203849 0.25 0.773004 0.488834 
2 0.888179 0.25 0.0568095 0.495116 
2 0.25 0.25 0.25 0.351937 
2 0.279065 0.25 0.241298 0.281853 
2 0.25 0.25 0.25 0.25 
2 0.394191 0.25 0.31257 0.481376 
2 0.333879 0.25 0.253187 0.487208 
2 0.25 0.25 0.25 0.25 
2 0.820236 0.25 0.111942 0.498259 
2 0.610208 0.25 0.321847 0.499867 
2 0.439987 0.25 0.267458 0.467398 
2 0.288966 0.25 0.268656 0.25 
2 0.249999 0.25 0.249999 0.497837 
2 0.25 0.25 0.25 0.25 
2 0.95086 0.25 0.0109958 0.327992 
2 0.25 0.25 0.25 0.442304 
2 0.25 0.25 0.25 0.453807 
2 0.320664 0.25 0.626909 0.499826 
2 0.855419 0.25 0.0589696 0.481415 
2 0.806587 0.25 0.121206 0.447788 
2 0.581238 0.25 0.244228 0.476105 
2 0.249999 0.25 0.249999 0.481982 
2 0.25 0.25 0.25 0.25 
2 0.523723 0.25 0.264714 0.25 
2 0.618497 0.25 0.205916 0.481333 
2 0.951725 0.25 0.0253572 0.499447 
2 0.25 0.25 0.25 0.471143 
2 0.42144 0.25 0.4226 0.477919 
2 0.25 0.25 0.25 0.360919 
2 0.210701 0.25 0.531747 0.452677 
2 0.686576 0.25 0.146745 0.478179 
2 0.25 0.25 0.25 0.0237373 
2 0.713762 0.25 0.156372 0.481669 
2 0.341093 0.25 0.241295 0.376821 
2 0.284218 0.25 0.446666 0.494496 
2 0.350591 0.25 0.247808 0.47843 
2 0.620774 0.25 0.155522 0.362028 
2 0.297476 0.25 0.2487 0.327317 
2 0.888582 0.25 0.0307773 0.329789 
2 0.813211 0.25 0.0455453 0.483202 
2 0.702637 0.25 0.0630193 0.256491 
2 0.66282 0.25 0.295379 0.489046 
2 0.814022 0.25 0.133861 0.364647 
2 0.177165 0.25 0.706947 0.481551 
2 0.295945 0.25 0.25331 0.418832 
2 0.25 0.25 0.25 0.471791 
2 0.882517 0.25 0.0333914 0.25 
2 0.599136 0.25 0.25732 0.481203 
2 0.733721 0.25 0.122475 0.42623 
2 0.351462 0.25 0.603489 0.480561 
2 0.759193 0.25 0.12964 0.477832 
2 0.681674 0.25 0.205924 0.499143 
2 0.089371 0.25 0.73254 0.296971 
2 0.25 0.25 0.25 0.389346 
2 0.34988 0.25 0.257304 0.441046 
2 0.231573 0.25 0.409484 0.25 
2 0.25 0.25 0.25 0.39549 
2 0.353644 0.25 0.440706 0.481572 
2 0.527092 0.25 0.150449 0.250001 
2 0.574839 0.25 0.157563 0.477214 
2 0.25 0.25 0.25 0.25 
2 0.442842 0.25 0.341525 0.454948 
2 0.312511 0.25 0.250944 0.417537 
2 0.25 0.25 0.25 0.462448 
2 0.25 0.25 0.25 0.439124 
2 0.25 0.25 0.25 0.462207 
2 0.380875 0.25 0.225937 0.432489 
2 0.25 0.25 0.25 0.25 
2 0.344076 0.25 0.475895 0.470357 
2 0.898966 0.25 0.0471529 0.461279 
2 0.325957 0.25 0.2448 0.499713 
2 0.865967 0.25 0.0676707 0.480951 
2 0.655066 0.25 0.226339 0.354512 
2 0.25 0.25 0.25 0.457695 
2 0.25 0.25 0.25 0.25 
2 0.30117 0.25 0.26056 0.499384 
3 0.0312376 0.015625 0.0558158 0.0729225 
3 0.015625 0.015625 0.03125 0.0505795 
3 0.0446095 0.015625 0.0315811 0.0313254 
3 0.0474233 0.015625 0.046948 0.0389183 
3 0.0160499 0.015625 0.0469547 0.0360669 
3 0.015625 0.015625 0.015625 0.0063645 
3 0.0104131 0.015625 0.0113222 0.0116641 
3 0.0235229 0.015625 0.00475047 0.00671591 
3 0.0105257 0.015625 0.0597052 0.0312507 
3 0.0116777 0.015625 0.0130465 0.0161126 
3 0.0030294 0.015625 0.0378446 0.0590313 
3 0.0201129 0.015625 0.0379415 0.0612589 
3 0.0156256 0.015625 0.0312496 0.0151964 
3 0.0167474 0.015625 0.0296229 0.0310256 
3 0.015625 0.015625 0.03125 0.0374765 
3 0.016952 0.015625 0.0304959 0.0276997 
3 0.0156253 0.015625 0.0312505 0.0298957 
3 0.056042 0.015625 0.000796881 0.0454677 
3 0.0156253 0.015625 0.0312504 0.0356048 
3 0.00210737 0.015625 0.035866 0.0144395 
3 0.015625 0.015625 0.015625 0.0191296 
3 0.0126234 0.015625 0.0312646 0.0698546 
3 0.0143846 0.015625 0.0351581 0.0228714 
3 0.0841005 0.015625 0.0321408 0.0478128 
3 0.011435 0.015625 0.0602584 0.03125 
3 0.0045973 0.015625 0.0264658 0.0267648 
3 0.0156254 0.015625 0.0312508 0.0415906 
3 0.00637985 0.015625 0.0413416 0.0127479 
3 0.0515275 0.015625 0.036513 0.0371785 
3 0.0246398 0.015625 0.0649812 0.0327777 
3 0.0258781 0.015625 0.118188 0.0312496 
3 0.0629544 0.015625 0.0974384 0.0847298 
3 0.0277966 0.015625 0.0724889 0.0162288 
3 0.00308423 0.015625 0.0377001 0.0709244 
3 0.0100067 0.015625 0.0432564 0.011258 
3 0.0672687 0.015625 0.0595153 0.0364535 
3 0.00136066 0.015625 0.0104958 0.00399635 
3 0.0145116 0.015625 0.000811494 0.0277123 
3 0.00517165 0.015625 0.0864352 0.0252369 
3 0.00442459 0.015625 0.0428001 0.039753 
3 0.0105726 0.015625 0.0104678 0.0152116 
3 0.00706381 0.015625 0.0614927 0.0362548 
3 0.0400636 0.015625 0.0712284 0.0362454 
3 0.0151514 0.015625 0.00860283 0.0044049 
3 0.00148691 0.015625 0.0433787 0.0597072 
3 0.0248038 0.015625 0.00148884 0.00209361 
3 0.0188855 0.015625 0.0188264 0.070569 
3 0.0127942 0.015625 0.00718061 0.03125 
3 0.00524625 0.015625 0.022487 0.0160645 
3 0.00439897 0.015625 0.0637853 0.00970396 
3 0.000753978 0.015625 0.116498 0.0407343 
3 0.00391563 0.015625 0.0434239 0.0129956 
3 0.0053342 0.015625 0.0401936 0.0674867 
3 0.0066933 0.015625 0.00660828 0.0039255 
3 0.0219329 0.015625 0.0512453 0.00830347 
3 0.0515282 0.015625 0.0365135 0.0312505 
3 0.0156252 0.015625 0.0312504 0.0403622 
3 0.0316058 0.015625 0.0481687 0.0406574 
3 0.0465693 0.015625 0.0196595 0.041096 
3 0.0111993 0.015625 0.0446316 0.0353111 
3 0.0156252 0.015625 0.0312503 0.0905727 
3 0.0358668 0.015625 0.0170395 0.0635921 
3 0.0265876 0.015625 0.00795185 0.0209762 
3 0.0198509 0.015625 0.0956421 0.0623322 
3 0.00418857 0.015625 0.0664646 0.0315011 
3 0.0848438 0.015625 0.0428426 0.0686022 
3 0.0347734 0.015625 0.0400194 0.0523923 
3 0.0223965 0.015625 0.027585 0.00994102 
3 0.0754221 0.015625 0.0459121 0.0558707 
3 0.015138 0.015625 0.118894 0.0348354 
3 0.0103153 0.015625 0.0207459 0.0306601 
3 0.0248718 0.015625 0.0309771 0.0280725 
3 0.00427371 0.015625 0.0664354 0.0314975 
3 0.015625 0.015625 0.015625 0.00572809 
3 0.00474602 0.015625 0.0205331 0.0688185 
3 0.015625 0.015625 0.03125 0.0312495 
3 0.00984377 0.015625 0.027143 0.015911 
3 0.0153338 0.015625 0.0216269 0.0508461 
3 0.0117833 0.015625 0.0313194 0.019555 
3 0.0235054 0.015625 0.0291699 0.0453186 
3 0.000258987 0.015625 0.0115689 0.0206701 
3 0.000948135 0.015625 0.00547775 0.0511895 
3 0.0227882 0.015625 0.0196722 0.00713275 
3 0.0256822 0.015625 0.0253803 0.0431704 
3 0.0140645 0.015625 0.021699 0.0166141 
3 0.000836686 0.015625 0.0637785 0.03125 
3 0.015625 0.015625 0.015625 0.0293963 
3 0.000432425 0.015625 0.00353001 0.0452616 
3 0.009679 0.015625 0.0908524 0.0179607 
3 0.0395 0.015625 0.0589476 0.0412485 
3 0.0183804 0.015625 0.0270696 0.0301843 
3 0.0182172 0.015625 0.0310156 0.0553822 
3 0.0156253 0.015625 0.0156252 0.0500697 
3 0.0151294 0.015625 0.0437119 0.029904 
3 0.0167812 0.015625 0.0117862 0.0110303 
3 0.0156252 0.015625 0.0312505 0.03125 
4 0.00179637 0.00390625 0.00553131 0.00657018 
4 0.000493654 0.00390625 0.00935024 0.0078125 
4 0.00379503 0.00390625 0.00533572 0.0208294 
4 0.00523176 0.00390625 0.00639221 0.0140205 
4 0.00415716 0.00390625 0.00142665 0.00637327 
4 0.00475316 0.00390625 0.0109138 0.00339496 
4 0.00345916 0.00390625 0.00454566 0.00984169 
4 0.0055268 0.00390625 0.00689012 0.00214411 
4 0.00111934 0.00390625 0.00711092 0.00305802 
4 0.00237331 0.00390625 0.00120149 0.00606541 
4 0.000497611 0.00390625 0.00432223 0.00555912 
4 0.00460634 0.00390625 0.0076353 0.00992968 
4 0.002812 0.00390625 6.99177e-05 0.0039063 
4 0.000473669 0.00390625 0.00209959 0.00396721 
4 0.00390627 0.00390625 0.00390627 0.00511021 
4 0.0263872 0.00390625 0.0189544 0.000528921 
4 0.00149745 0.00390625 0.00649346 0.00950798 
4 0.00454358 0.00390625 0.00295406 0.00489489 
4 0.00359277 0.00390625 0.0211658 0.0191065 
4 0.00046285 0.00390625 0.0094684 0.00715665 
4 0.00390625 0.00390625 0.00390625 0.000884025 
4 0.00091042 0.00390625 0.0252436 0.00925137 
4 0.000472255 0.00390625 0.00386109 0.0078125 
4 0.00785666 0.00390625 0.00201762 0.00390625 
4 0.00390631 0.00390625 0.0078126 0.0122236 
4 0.000135171 0.00390625 0.0166176 0.00102171 
4 0.00116684 0.00390625 0.010148 0.00190356 
4 0.00167487 0.00390625 0.00890436 0.0078125 
4 0.00570798 0.00390625 0.00637958 0.00896526 
4 0.0148209 0.00390625 0.00736445 0.00924618 
4 0.00306668 0.00390625 0.0122969 0.00116704 
4 0.00390625 0.00390625 0.0078125 0.00395875 
4 0.00189545 0.00390625 0.0145938 0.00236465 
4 0.00686864 0.00390625 0.00969509 0.0102511 
4 0.00262728 0.00390625 0.000570037 0.0065357 
4 0.000891068 0.00390625 0.00812975 0.0121242 
4 0.00286919 0.00390625 0.00706036 0.00314205 
4 0.012476 0.00390625 0.00338319 0.00491009 
4 0.00271821 0.00390625 0.000668824 0.000239819 
4 0.00645046 0.00390625 0.00417641 0.00310608 
4 0.00833986 0.00390625 0.0030192 0.00126061 
4 0.00534348 0.00390625 0.0186336 0.00855959 
4 0.00390625 0.00390625 0.0078125 0.00447757 
4 0.00390635 0.00390625 0.0039063 0.00349671 
4 0.00683599 0.00390625 0.00339914 0.00390633 
4 0.0039063 0.00390625 0.0078126 0.00432457 
4 0.00101079 0.00390625 0.00712123 0.00969434 
4 0.00194877 0.00390625 0.0112122 0.00694854 
4 0.0123596 0.00390625 0.0181285 0.0196991 
4 0.003027 0.00390625 0.00620161 0.00811129 
4 0.000567467 0.00390625 0.0116667 0.00349133 
4 0.00437147 0.00390625 0.00887321 0.00744389 
4 0.000690354 0.00390625 0.00660528 0.00871519 
4 0.00539275 0.00390625 0.000106005 0.00223302 
4 0.00424261 0.00390625 0.0032058 0.00060245 
4 0.000507077 0.00390625 0.00579021 0.0038045 
4 0.0140751 0.00390625 0.0197271 0.00522098 
4 0.00569204 0.00390625 0.0113076 0.0126409 
4 0.00179853 0.00390625 0.00202391 0.00169094 
4 0.00870233 0.00390625 0.00482165 0.0120481 
4 0.00415242 0.00390625 0.00517995 0.0112732 
4 0.00403696 0.00390625 0.00946714 0.0163392 
4 0.000223639 0.00390625 0.00215349 0.00929401 
4 0.00474462 0.00390625 0.00836157 0.0078125 
4 0.00191652 0.00390625 0.0127829 0.00897719 
4 0.000224502 0.00390625 0.0109565 0.00565781 
4 0.00795355 0.00390625 0.019253 0.00708895 
4 0.0121851 0.00390625 0.0120836 0.0033776 
4 0.00554718 0.00390625 0.0108455 0.00848937 
4 0.00390625 0.00390625 0.0078125 0.00542505 
4 0.000741562 0.00390625 0.00790993 0.0072756 
4 0.00633777 0.00390625 0.00471329 0.00646203 
4 0.00129278 0.00390625 0.00840482 0.00822406 
4 0.00861071 0.00390625 0.0162762 0.00903498 
4 0.00327 0.00390625 0.00561807 0.00759083 
4 0.00342212 0.00390625 0.00811592 0.00972239 
4 0.00691242 0.00390625 0.00605982 0.0025014 
4 0.00101801 0.00390625 0.00474353 0.00651087 
4 0.000516129 0.00390625 0.00464655 0.005157 
4 0.0186356 0.00390625 0.000144017 0.0127493 
4 0.0117346 0.00390625 0.0133719 0.00749669 
4 0.00705888 0.00390625 0.00455323 0.00486417 
4 0.00148636 0.00390625 0.0010872 0.00406433 
4 0.0132044 0.00390625 0.00130053 0.00257832 
4 0.000946299 0.00390625 0.000242343 0.00390362 
4 0.00268592 0.00390625 0.00306514 0.00310878 
4 0.00599871 0.00390625 0.00222576 0.00313503 
4 0.00390625 0.00390625 0.00390625 0.00869006 
4 0.00183792 0.00390625 0.0142703 0.00328598 
4 0.0105 0.00390625 0.0180954 0.00423902 
4 0.0065371 0.00390625 0.00558377 0.00727805 
4 0.00212652 0.00390625 0.00685385 0.00149945 
4 0.00180488 0.00390625 0.00384334 0.0078125 
4 0.0031512 0.00390625 0.00419925 0.00986583 
4 0.00390625 0.00390625 0.0078125 0.0045199 
4 0.0016476 0.00390625 0.0051448 0.00291517 
2
2 0.936577 0.25 0.0451636 0.464303 
2 0.96532 0.25 0.019896 0.400004 
2 0.869821 0.25 0.0436346 0.298971 
2 0.894857 0.25 0.0564131 0.615444 
2 0.779876 0.25 0.203947 0.56031 
2 0.456448 0.25 0.534393 0.408898 
2 0.905913 0.25 0.0584853 0.617512 
2 0.883048 0.25 0.0662545 0.538907 
2 0.943871 0.25 0.0268701 0.497445 
2 0.925546 0.25 0.0701274 0.489912 
2 0.791941 0.25 0.144561 0.651109 
2 0.134618 0.25 0.816103 0.600242 
2 0.878162 0.25 0.0989397 0.74866 
2 0.635155 0.25 0.209178 0.727971 
2 0.602133 0.25 0.33471 0.33512 
2 0.613585 0.25 0.372895 0.740303 
2 0.533575 0.25 0.410737 0.71317 
2 0.900586 0.25 0.0934922 0.602844 
2 0.719343 0.25 0.146774 0.735029 
2 0.787124 0.25 0.188532 0.689935 
2 0.873955 0.25 0.060956 0.717913 
2 0.944332 0.25 0.00305853 0.691397 
2 0.939283 0.25 0.0200154 0.653337 
2 0.748316 0.25 0.230279 0.718598 
2 0.760899 0.25 0.214479 0.716856 
2 0.655346 0.25 0.330819 0.630305 
2 0.56264 0.25 0.41092 0.736613 
2 0.723428 0.25 0.276572 0.616937 
2 0.903931 0.25 0.0749163 0.489754 
2 0.469351 0.25 0.481011 0.590838 
2 0.359952 0.25 0.590113 0.664176 
2 0.995459 0.25 0.00410269 0.740202 
2 0.656342 0.25 0.306275 0.616062 
2 0.666282 0.25 0.292556 0.721395 
2 0.824228 0.25 0.144995 0.728155 
2 0.487302 0.25 0.506523 0.739933 
2 0.599221 0.25 0.300007 0.667458 
2 0.269811 0.25 0.723657 0.644664 
2 0.155404 0.25 0.809708 0.674385 
2 0.713842 0.25 0.209379 0.533565 
2 0.751335 0.25 0.165052 0.544248 
2 0.249688 0.25 0.652489 0.599041 
2 0.636683 0.25 0.173511 0.590615 
2 0.618535 0.25 0.352821 0.515472 
2 0.85826 0.25 0.131021 0.620701 
2 0.677904 0.25 0.318491 0.682277 
2 0.942911 0.25 0.0185761 0.479544 
2 0.188068 0.25 0.777206 0.643815 
2 0.913317 0.25 0.0168798 0.571947 
2 0.253193 0.25 0.429165 0.687495 
2 0.478502 0.25 0.479309 0.623262 
2 0.693921 0.25 0.217117 0.407383 
2 0.629025 0.25 0.363804 0.743533 
2 0.70803 0.25 0.0278599 0.74396 
2 0.915415 0.25 0.0728 0.618119 
2 0.814479 0.25 0.0988837 0.717002 
2 0.923488 0.25 0.031134 0.728321 
2 0.830548 0.25 0.0468244 0.685521 
2 0.582745 0.25 0.316428 0.729667 
2 0.579551 0.25 0.413733 0.489067 
2 0.771869 0.25 0.132595 0.521575 
2 0.375116 0.25 0.444596 0.6248 
2 0.811366 0.25 0.146355 0.73662 
2 0.69117 0.25 0.263104 0.473192 
2 0.74834 0.25 0.156403 0.704168 
2 0.887506 0.25 0.0151773 0.611423 
2 0.669265 0.25 0.122229 0.708097 
2 0.0877823 0.25 0.905429 0.479348 
2 0.876085 0.25 0.0220961 0.41402 
2 0.98473 0.25 0.0133514 0.627024 
2 0.490933 0.25 0.223878 0.542742 
2 0.938906 0.25 0.0190343 0.477287 
2 0.504286 0.25 0.390161 0.735427 
2 0.783315 0.25 0.18493 0.391166 
2 0.936694 0.25 0.0265589 0.603708 
2 0.867698 0.25 0.11519 0.604495 
2 0.79749 0.25 0.11672 0.525024 
2 0.280142 0.25 0.705546 0.719723 
2 0.838904 0.25 0.0700006 0.618308 
2 0.969932 0.25 0.0200523 0.73267 
2 0.829715 0.25 0.14971 0.543409 
2 0.541155 0.25 0.40402 0.535645 
2 0.939269 0.25 0.00961715 0.386854 
2 0.967885 0.25 0.011294 0.602053 
2 0.778897 0.25 0.129288 0.456924 
2 0.899781 0.25 0.00495802 0.525445 
2 0.597095 0.25 0.156695 0.682431 
2 0.901543 0.25 0.0900531 0.697711 
2 0.724896 0.25 0.170713 0.684068 
2 0.459971 0.25 0.51837 0.722884 
2 0.81716 0.25 0.165367 0.570536 
2 0.63828 0.25 0.271531 0.709883 
2 0.649948 0.25 0.246697 0.569951 
2 0.827828 0.25 0.132103 0.55093 
2 0.288096 0.25 0.681512 0.62679 
2 0.883908 0.25 0.0731084 0.615589 
3 0.0118131 0.015625 0.0164662 0.0696785 
3 0.0169913 0.015625 0.0155935 0.00751973 
3 0.0100635 0.015625 0.0347947 0.0910574 
3 0.00678894 0.015625 0.0798956 0.0411683 
3 0.00361815 0.015625 0.0859336 0.0258303 
3 0.0038158 0.015625 0.0263017 0.000110775 
3 0.00377345 0.015625 0.0435177 0.0221849 
3 0.00329536 0.015625 0.00227771 0.00131552 
3 0.00523149 0.015625 0.0112603 0.153125 
3 0.0201534 0.015625 0.00906763 0.0342439 
3 0.00308494 0.015625 0.0566827 0.0514036 
3 0.041482 0.015625 0.0624937 0.0357552 
3 0.0981727 0.015625 0.0216376 0.0841033 
3 0.0303954 0.015625 0.0480801 0.0343915 
3 0.00282533 0.015625 0.0635525 0.119164 
3 0.00489804 0.015625 0.0301779 0.0112049 
3 0.00762976 0.015625 0.036299 0.0401965 
3 0.0253932 0.015625 0.00117841 0.00189603 
3 0.00573267 0.015625 0.00179587 0.0129287 
3 0.0375165 0.015625 0.0283216 0.0458872 
3 0.0619149 0.015625 0.0269343 0.0393318 
3 0.0661588 0.015625 0.057623 0.0414948 
3 0.0522986 0.015625 0.0358771 0.0813779 
3 0.00818517 0.015625 0.0348038 0.0111308 
3 0.0218575 0.015625 0.0490862 0.128227 
3 0.0242673 0.015625 0.0784764 0.0994592 
3 0.000309043 0.015625 0.000919768 0.0862974 
3 0.00554278 0.015625 0.0857091 0.0350767 
3 0.046094 0.015625 0.00940856 0.0359902 
3 0.012004 0.015625 0.0952488 0.0153555 
3 0.0661313 0.015625 0.017967 0.0427184 
3 0.0694273 0.015625 0.0839591 0.0514277 
3 0.0111552 0.015625 0.0552337 0.0401654 
3 0.00292594 0.015625 0.0242534 0.0930264 
3 0.0128382 0.015625 0.0234012 0.052941 
3 0.0472626 0.015625 0.0504588 0.0458805 
3 0.0142342 0.015625 0.0499163 0.0603985 
3 0.0190083 0.015625 0.00588176 0.0166814 
3 0.0397228 0.015625 0.0346909 0.0245573 
3 0.00768381 0.015625 0.0139095 0.0363372 
3 0.003645 0.015625 0.00305902 0.0194383 
3 0.00530306 0.015625 0.0213751 0.0349718 
3 0.00855149 0.015625 0.0225591 0.054893 
3 0.00809022 0.015625 0.014084 0.0349475 
3 0.00405618 0.015625 0.0307972 0.0327169 
3 0.000605995 0.015625 0.0623232 0.0205298 
3 0.0437118 0.015625 0.0349445 0.0699311 
3 0.0108214 0.015625 0.0745496 0.0733051 
3 0.0225872 0.015625 0.0700687 0.109562 
3 0.0232912 0.015625 0.0369553 0.0232206 
3 0.000957641 0.015625 0.0423026 0.021483 
3 0.041008 0.015625 0.0289104 0.0831865 
3 0.0449071 0.015625 0.0520293 0.0802052 
3 0.00490911 0.015625 0.027124 0.0121652 
3 0.0557283 0.015625 0.00434401 0.00925619 
3 0.0264392 0.015625 0.0351473 0.0115117 
3 0.0481101 0.015625 0.0129322 0.0812129 
3 0.00058284 0.015625 0.0233772 0.0627192 
3 0.0384111 0.015625 0.0622538 0.056892 
3 0.0243636 0.015625 0.0794321 0.0498147 
3 0.0418794 0.015625 0.0400181 0.0469334 
3 0.0313184 0.015625 0.0138202 0.0339384 
3 0.00291116 0.015625 0.0102207 0.00557655 
3 0.00156243 0.015625 0.0116035 0.0338782 
3 0.00552226 0.015625 0.0445725 0.0645705 
3 0.00321561 0.015625 0.016048 0.0391599 
3 0.0164353 0.015625 0.0524014 0.0514751 
3 0.0396746 0.015625 0.043639 0.0341932 
3 0.00704754 0.015625 0.085427 0.0330151 
3 0.0206646 0.015625 0.137773 0.0237678 
3 0.0818405 0.015625 0.0415103 0.0895143 
3 0.00158131 0.015625 0.047501 0.0751527 
3 0.0367471 0.015625 0.00856895 0.0272399 
3 0.0811547 0.015625 0.0214821 0.0225337 
3 0.0214242 0.015625 0.0122906 0.0496587 
3 0.00978221 0.015625 0.0950173 0.0246138 
3 0.0351847 0.015625 0.0692958 0.095172 
3 0.0469732 0.015625 0.0138492 0.0664335 
3 0.0222015 0.015625 0.0714702 0.0598571 
3 0.0274963 0.015625 0.0410484 0.0529386 
3 0.0378956 0.015625 0.0323061 0.0194833 
3 0.0125664 0.015625 0.0203808 0.0357706 
3 0.0739622 0.015625 0.0268363 0.0104567 
3 0.00762207 0.015625 0.107543 0.03125 
3 0.0227645 0.015625 0.0335987 0.000184405 
3 0.0889209 0.015625 0.0109244 0.0608418 
3 0.0200591 0.015625 0.0117301 0.00352842 
3 0.0208349 0.015625 0.00362681 0.0150915 
3 0.0143736 0.015625 0.0156287 0.054164 
3 0.00208026 0.015625 0.0616278 0.0488532 
3 0.00122926 0.015625 0.101167 0.0653626 
3 0.0562513 0.015625 0.122527 0.0141514 
3 0.024758 0.015625 0.0543034 0.00813514 
3 0.0256627 0.015625 0.0438074 0.0394163 
3 0.00968554 0.015625 0.139839 0.0191965 
3 0.00489252 0.015625 0.0233149 0.0117493 
4 0.000263423 0.00390625 0.00426993 0.00726747 
4 0.00184613 0.00390625 0.0165165 0.0161763 
4 0.0258258 0.00390625 0.00847047 0.025208 
4 0.0122315 0.00390625 0.00268169 0.0031679 
4 0.0031061 0.00390625 0.00286038 0.00332009 
4 0.00979636 0.00390625 0.000461035 0.0079255 
4 0.0107333 0.00390625 0.00132969 0.00948919 
4 0.00397716 0.00390625 0.00801007 0.00390084 
4 0.00348298 0.00390625 0.003106 0.00565677 
4 0.00107829 0.00390625 0.0052946 0.00702763 
4 0.00398533 0.00390625 0.00174248 0.00718814 
4 0.0189269 0.00390625 0.0270628 0.0249168 
4 0.00116076 0.00390625 0.00389397 0.000250366 
4 0.00367144 0.00390625 0.010434 0.00390621 
4 0.00462204 0.00390625 0.00487592 0.0141263 
4 0.00133513 0.00390625 0.00962821 0.00700558 
4 0.00780102 0.00390625 0.00404376 0.00984078 
4 0.00787133 0.00390625 0.000805093 0.00169845 
4 0.0019295 0.00390625 0.0209141 0.00808408 
4 0.00206641 0.00390625 0.00988462 0.00731401 
4 0.00684252 0.00390625 0.0374303 0.00294662 
4 0.00140518 0.00390625 0.00763753 0.0151804 
4 0.000673434 0.00390625 0.0251074 0.00420408 
4 0.00582223 0.00390625 0.0138573 0.00202643 
4 0.00141884 0.00390625 0.00209072 0.0248684 
4 0.00361904 0.00390625 0.00625366 0.00550012 
4 0.0030354 0.00390625 0.0173573 0.0109349 
4 0.0190152 0.00390625 0.0270065 0.00595826 
4 0.00316527 0.00390625 0.00644676 0.0176887 
4 0.00678658 0.00390625 0.00373864 0.0100819 
4 0.00853883 0.00390625 0.00821092 0.00938514 
4 0.020061 0.00390625 0.0304366 0.0174428 
4 0.00102454 0.00390625 0.0134381 0.00398172 
4 0.00500943 0.00390625 0.0105753 0.00989993 
4 0.00443896 0.00390625 0.000447458 0.000222842 
4 0.00424384 0.00390625 0.00568461 0.0169696 
4 4.95794e-05 0.00390625 0.00831054 0.0101781 
4 0.00233368 0.00390625 0.00465681 0.00803221 
4 0.00130352 0.00390625 0.00376671 0.0156544 
4 0.0222242 0.00390625 0.00633292 0.00165096 
4 0.00311289 0.00390625 0.0172241 6.67802e-05 
4 0.00371857 0.00390625 0.00614342 0.00796 
4 0.0117626 0.00390625 0.00445272 0.00526615 
4 0.00888872 0.00390625 3.64324e-05 0.00455009 
4 0.00313259 0.00390625 0.00675012 0.000662575 
4 0.000177717 0.00390625 0.00342559 0.00378426 
4 0.0013462 0.00390625 0.012444 0.00976126 
4 0.00895179 0.00390625 0.0251571 0.0105594 
4 0.00250269 0.00390625 0.0146394 0.0119022 
4 0.00652244 0.00390625 0.0133858 0.00420527 
4 0.00179494 0.00390625 0.00548111 0.0451802 
4 0.00537721 0.00390625 0.00811125 0.00663813 
4 0.000256858 0.00390625 0.0110693 0.00887128 
4 0.000683308 0.00390625 0.00121471 0.00776289 
4 0.00192785 0.00390625 0.0132998 0.006456 
4 0.0017803 0.00390625 0.00141805 0.0116521 
4 0.00848921 0.00390625 0.00959254 0.00361427 
4 0.00111793 0.00390625 0.0109651 0.0192405 
4 0.000420743 0.00390625 0.0115446 0.00561878 
4 0.0348368 0.00390625 0.00157267 0.000193902 
4 0.00168483 0.00390625 0.0121534 0.00052497 
4 0.0504285 0.00390625 0.00416181 0.00843649 
4 0.00164615 0.00390625 0.00910928 0.00273332 
4 0.0287267 0.00390625 0.00408723 0.0111172 
4 0.00288011 0.00390625 0.00209452 0.0203447 
4 4.45599e-05 0.00390625 0.0114107 0.00609566 
4 0.00191172 0.00390625 0.0083939 0.00682098 
4 0.000677587 0.00390625 0.00468843 0.000515586 
4 0.000593726 0.00390625 0.0193699 0.00768997 
4 0.0129838 0.00390625 0.0336931 0.00292781 
4 0.000386341 0.00390625 0.00465885 0.00511175 
4 0.00285542 0.00390625 0.0189568 0.0032637 
4 0.000797645 0.00390625 0.00212318 0.00179667 
4 0.0030829 0.00390625 0.00599594 0.00361623 
4 0.0105662 0.00390625 0.00584245 0.0189183 
4 0.00036197 0.00390625 0.0141456 0.00592893 
4 0.00418537 0.00390625 0.00158154 0.00597928 
4 0.00364747 0.00390625 0.0224732 0.0155821 
4 0.00195038 0.00390625 0.00202748 0.0146388 
4 0.00529179 0.00390625 0.0102254 0.0106412 
4 0.00436736 0.00390625 0.00153093 0.00215546 
4 0.00390628 0.00390625 0.00390627 0.00387619 
4 0.00364387 0.00390625 0.00239277 0.0163173 
4 0.000184819 0.00390625 0.00120412 0.0119072 
4 0.00560418 0.00390625 0.000882427 0.00423629 
4 0.000795373 0.00390625 0.00506409 0.000405008 
4 0.00827491 0.00390625 0.00314351 0.000427637 
4 0.00650481 0.00390625 0.00347188 0.000804314 
4 0.00239964 0.00390625 0.00470369 0.00803113 
4 0.00232072 0.00390625 0.00640929 0.00340072 
4 0.00153013 0.00390625 0.00981253 0.00397198 
4 0.0274253 0.00390625 0.00223333 0.00251928 
4 0.005226 0.00390625 0.00238545 0.00402135 
4 0.000943611 0.00390625 0.0035693 0.00423323 
4 0.00130609 0.00390625 0.0122653 0.00759397 
4 6.38427e-05 0.00390625 0.00605464 0.0122403 
3
2 0.860382 0.25 0.130765 0.691189 
2 0.98973 0.25 0.00682257 0.743829 
2 0.814786 0.25 0.00839911 0.68186 
2 0.975345 0.25 0.00715939 0.748682 
2 0.749873 0.25 0.210294 0.707677 
2 0.0923246 0.25 0.90405 0.641577 
2 0.121063 0.25 0.878791 0.71904 
2 0.907999 0.25 0.089132 0.72217 
2 0.856814 0.25 0.0297631 0.749209 
2 0.836841 0.25 0.163115 0.748552 
2 0.378027 0.25 0.536553 0.721622 
2 0.523639 0.25 0.444025 0.699483 
2 0.945876 0.25 0.0298447 0.748991 
2 0.954313 0.25 0.0304711 0.702103 
2 0.722098 0.25 0.25038 0.74067 
2 0.284128 0.25 0.712743 0.749453 
2 0.028764 0.25 0.95405 0.732745 
2 0.914779 0.25 0.0761316 0.748091 
2 0.875544 0.25 0.00511354 0.580088 
2 0.239894 0.25 0.756658 0.671415 
2 0.994869 0.25 9.59314e-05 0.745347 
2 0.970173 0.25 0.0283728 0.739313 
2 0.926412 0.25 0.0494698 0.746909 
2 0.416065 0.25 0.573668 0.749601 
2 0.261888 0.25 0.735152 0.742025 
2 0.954994 0.25 0.0224499 0.733494 
2 0.925413 0.25 0.0247437 0.739377 
2 0.325651 0.25 0.674349 0.677592 
2 0.83298 0.25 0.164911 0.735943 
2 0.327721 0.25 0.627454 0.737598 
2 0.113966 0.25 0.864697 0.708591 
2 0.77679 0.25 0.136161 0.64583 
2 0.992682 0.25 0.0019377 0.673718 
2 0.869193 0.25 0.1266 0.745262 
2 0.809542 0.25 0.113146 0.737082 
2 0.0794978 0.25 0.919774 0.722577 
2 0.931434 0.25 0.00740555 0.744116 
2 0.9041 0.25 0.0875266 0.725618 
2 0.627061 0.25 0.306431 0.75 
2 0.992536 0.25 0.00305019 0.718984 
2 0.832772 0.25 0.108285 0.733894 
2 0.0371566 0.25 0.852934 0.738887 
2 0.913424 0.25 0.084522 0.746328 
2 0.916499 0.25 0.078048 0.747952 
2 0.754705 0.25 0.193405 0.712201 
2 0.737651 0.25 0.253561 0.715788 
2 0.857993 0.25 0.060216 0.737043 
2 0.00744833 0.25 0.989918 0.607373 
2 0.991265 0.25 0.00199837 0.579144 
2 0.80394 0.25 0.169054 0.748961 
2 0.758281 0.25 0.237918 0.74909 
2 0.896394 0.25 0.0108999 0.68023 
2 0.583904 0.25 0.393591 0.743809 
2 0.844675 0.25 0.0891362 0.745274 
2 0.970412 0.25 0.00585521 0.740557 
2 0.655068 0.25 0.336778 0.7495 
2 0.888547 0.25 0.0586276 0.7479 
2 0.922052 0.25 0.0367227 0.541568 
2 0.900687 0.25 0.0750337 0.730633 
2 0.396105 0.25 0.591494 0.743091 
2 0.824884 0.25 0.0464544 0.727061 
2 0.454465 0.25 0.543039 0.720142 
2 0.817175 0.25 0.122263 0.733017 
2 0.110605 0.25 0.88898 0.747415 
2 0.919044 0.25 0.0104532 0.740666 
2 0.917011 0.25 0.0720418 0.742692 
2 0.951607 0.25 0.00613967 0.74728 
2 0.992618 0.25 0.000677793 0.728358 
2 0.928634 0.25 0.0618488 0.725285 
2 0.127082 0.25 0.796479 0.723564 
2 0.898746 0.25 0.100034 0.695235 
2 0.980195 0.25 0.00527543 0.714054 
2 0.600396 0.25 0.399414 0.726369 
2 0.8293 0.25 0.109261 0.714815 
2 0.978247 0.25 0.00124189 0.739676 
2 0.481143 0.25 0.497816 0.740395 
2 0.908625 0.25 0.000169497 0.57492 
2 0.434015 0.25 0.561355 0.749969 
2 0.853038 0.25 0.0432528 0.698942 
2 0.76888 0.25 0.221148 0.749766 
2 0.149477 0.25 0.809647 0.671636 
2 0.827305 0.25 0.134506 0.675677 
2 0.934974 0.25 0.0233466 0.741608 
2 0.843898 0.25 0.0631565 0.627282 
2 0.845872 0.25 0.14641 0.738755 
2 0.889383 0.25 0.0942291 0.715021 
2 0.933813 0.25 0.0288506 0.713273 
2 0.930637 0.25 0.0600256 0.727034 
2 0.944997 0.25 0.0421286 0.748896 
2 0.896451 0.25 0.0721311 0.70595 
2 0.779199 0.25 0.193823 0.746614 
2 0.946414 0.25 0.0265983 0.558209 
2 0.94955 0.25 0.0125445 0.746522 
2 0.847531 0.25 0.116242 0.746497 
2 0.784251 0.25 0.185697 0.749815 
2 0.420531 0.25 0.541684 0.657109 
3 0.0456591 0.015625 0.0452498 0.0572917 
3 0.0567083 0.015625 0.0369633 0.0916146 
3 0.0153883 0.015625 0.0997666 0.0495503 
3 0.00383025 0.015625 0.0314047 0.0347142 
3 0.0618428 0.015625 0.038827 0.0279323 
3 0.0484107 0.015625 0.018642 0.0157008 
3 0.0418155 0.015625 0.0145438 0.056726 
3 0.0216038 0.015625 0.0245815 0.0208584 
3 0.0225869 0.015625 0.0314931 0.0358238 
3 0.0226424 0.015625 0.0263808 0.0218638 
3 0.0357691 0.015625 0.0115279 0.0315212 
3 0.00767539 0.015625 0.022539 0.049239 
3 0.00799308 0.015625 0.0106298 0.00836214 
3 0.0239288 0.015625 0.0796826 0.0736043 
3 0.0288637 0.015625 0.0737782 0.0593676 
3 0.0283625 0.015625 0.053736 0.0247182 
3 0.00131038 0.015625 0.0768119 0.0515093 
3 0.00135857 0.015625 0.0238834 0.00749721 
3 0.0379108 0.015625 0.0584004 0.102134 
3 0.00946838 0.015625 0.00725599 0.0236979 
3 0.0139164 0.015625 0.0384651 0.0477582 
3 0.0783974 0.015625 0.0972233 0.0278256 
3 0.0493704 0.015625 0.022761 0.0530785 
3 0.0588685 0.015625 0.0384865 0.0167002 
3 0.0256473 0.015625 0.00734998 0.0244283 
3 0.0311177 0.015625 0.048058 0.115794 
3 0.0114183 0.015625 0.0479922 0.0209687 
3 0.0802966 0.015625 0.0216813 0.0160929 
3 0.00466605 0.015625 0.0333556 0.0490043 
3 0.0252107 0.015625 0.0377803 0.000613688 
3 0.0309442 0.015625 0.0384691 0.0529869 
3 0.0125413 0.015625 0.0384628 0.00378822 
3 0.0776587 0.015625 0.0880899 0.0855946 
3 0.00492312 0.015625 0.0350179 0.047512 
3 0.009768 0.015625 0.0266123 0.0923612 
3 0.00646725 0.015625 0.0141081 0.0845364 
3 0.0360649 0.015625 0.0197872 0.0440397 
3 0.0030941 0.015625 0.0735872 0.0309707 
3 0.0301182 0.015625 0.0164853 0.0139169 
3 0.00720028 0.015625 0.0722385 0.0871882 
3 0.0112693 0.015625 0.0164702 0.0211097 
3 0.0511382 0.015625 0.0291426 0.0293443 
3 0.0525813 0.015625 0.0299126 0.0188729 
3 0.00452968 0.015625 0.00407661 0.0174704 
3 0.0103342 0.015625 0.0798087 0.145 
3 0.00291454 0.015625 0.0203771 0.00892502 
3 0.0123812 0.015625 0.0774022 0.0164902 
3 0.0110406 0.015625 0.0495786 0.0680164 
3 0.0170562 0.015625 0.0116673 0.0541116 
3 0.0237522 0.015625 0.0686529 0.0048124 
3 3.33106e-05 0.015625 0.0219952 0.0993361 
3 0.00501472 0.015625 0.0434744 0.0429126 
3 0.0656925 0.015625 0.051564 0.0495622 
3 0.0305108 0.015625 0.00344781 0.0307746 
3 0.0243731 0.015625 0.0643769 0.0370496 
3 0.0116035 0.015625 0.0444131 0.0133455 
3 0.0015958 0.015625 0.00446118 0.0664138 
3 0.00263461 0.015625 0.0203697 0.0356116 
3 0.119343 0.015625 0.00460016 0.0309117 
3 0.0170196 0.015625 0.0324474 0.0844835 
3 0.0089669 0.015625 0.0207277 0.0623276 
3 0.00791451 0.015625 0.0459212 0.0882195 
3 0.00793964 0.015625 0.0724842 0.00450419 
3 0.000440952 0.015625 0.0793023 0.0436504 
3 0.0874294 0.015625 0.0560871 0.0849576 
3 0.00683089 0.015625 0.014137 0.0395372 
3 0.0142149 0.015625 0.098966 0.0773779 
3 0.0531624 0.015625 0.0603441 0.0300393 
3 0.0289565 0.015625 0.122374 0.0403483 
3 0.0149556 0.015625 0.0649025 0.0671348 
3 0.000376152 0.015625 0.0641432 0.0220264 
3 0.00802134 0.015625 0.0104528 0.0244497 
3 0.0308419 0.015625 0.0194331 0.0433197 
3 0.00652325 0.015625 0.00101231 0.0100762 
3 0.0347302 0.015625 0.0390108 0.0186521 
3 0.016097 0.015625 0.0171794 0.0288402 
3 0.0334861 0.015625 0.0443128 0.0289938 
3 0.0182883 0.015625 0.0051783 0.0395187 
3 0.00163034 0.015625 0.0895524 0.0370549 
3 0.0185543 0.015625 0.0504656 0.0361743 
3 0.0173127 0.015625 0.0534629 0.0127818 
3 0.0663583 0.015625 0.00434469 0.0416653 
3 0.0491699 0.015625 0.000355839 0.000400767 
3 0.0396574 0.015625 0.0699836 0.0252115 
3 0.000845497 0.015625 0.0451114 0.0191376 
3 0.027709 0.015625 0.000918124 0.0759274 
3 0.0434168 0.015625 0.0111976 0.0119035 
3 0.0507979 0.015625 0.0245073 0.0528867 
3 0.0458104 0.015625 0.113856 0.0855185 
3 0.00182453 0.015625 0.0278975 0.0181177 
3 0.00016971 0.015625 0.100093 0.0401639 
3 0.0383032 0.015625 0.013391 0.0753921 
3 0.0528664 0.015625 0.0403023 0.00137807 
3 0.0280183 0.015625 0.0536227 0.0608587 
3 0.0213715 0.015625 0.047209 0.0527904 
3 0.0134727 0.015625 0.0964551 0.0999823 
4 0.00183617 0.00390625 0.0148235 0.00277628 
4 0.0104327 0.00390625 0.0157574 0.00306509 
4 0.0136405 0.00390625 0.0185777 0.00998913 
4 0.001481 0.00390625 0.00927471 0.00703044 
4 4.11829e-05 0.00390625 0.00222075 0.000622294 
4 0.00106035 0.00390625 0.00514206 0.00449701 
4 0.00223926 0.00390625 0.000806988 0.0164164 
4 0.00095965 0.00390625 0.00368711 0.000856855 
4 0.00772693 0.00390625 0.000418351 0.00345105 
4 0.00240731 0.00390625 0.00395705 0.00979481 
4 0.0126794 0.00390625 0.000330922 0.0223684 
4 0.00230195 0.00390625 0.00867335 0.00468757 
4 0.0039553 0.00390625 0.00846214 0.00404415 
4 0.0039961 0.00390625 0.00992144 0.00301308 
4 0.00311217 0.00390625 0.00804431 0.00448169 
4 0.00982947 0.00390625 0.0181494 0.00538408 
4 0.00287898 0.00390625 0.0217819 0.0263975 
4 0.00380296 0.00390625 0.000778903 0.00877569 
4 0.0126255 0.00390625 0.0126644 0.0121592 
4 0.00576039 0.00390625 0.0208342 0.0101098 
4 0.00406274 0.00390625 0.00725724 0.00282742 
4 0.00573845 0.00390625 0.00987831 0.0115276 
4 0.0220485 0.00390625 0.0134986 0.00890911 
4 0.00289162 0.00390625 0.0112654 0.00121014 
4 0.00376751 0.00390625 0.0108342 0.0096203 
4 0.00165995 0.00390625 0.0016631 0.00757519 
4 0.000829538 0.00390625 0.00899627 0.00431769 
4 0.000172456 0.00390625 0.0105879 0.00397109 
4 0.00792968 0.00390625 0.00697739 0.00858955 
4 0.00730077 0.00390625 0.0183017 0.00474752 
4 0.00777804 0.00390625 0.00557581 0.0218784 
4 0.00242705 0.00390625 0.0019303 0.0152038 
4 0.0106835 0.00390625 0.0106459 0.0137256 
4 0.00230005 0.00390625 0.00212668 0.00878437 
4 0.00331467 0.00390625 0.000703548 0.00819509 
4 0.000236258 0.00390625 0.011782 0.0100198 
4 0.0149208 0.00390625 0.0129782 0.00464568 
4 0.00180218 0.00390625 0.00701089 0.00497087 
4 0.0011523 0.00390625 0.00324947 0.00236636 
4 0.00245594 0.00390625 0.00258578 0.00128312 
4 0.00553885 0.00390625 0.00682623 0.0118231 
4 0.00357654 0.00390625 0.00946261 0.0111117 
4 0.00667899 0.00390625 0.00714053 0.00761876 
4 0.00903507 0.00390625 0.00211018 0.00404614 
4 0.00908911 0.00390625 0.0172566 0.00076743 
4 0.0033124 0.00390625 0.00510885 0.00136154 
4 0.000262381 0.00390625 0.0153113 0.0122177 
4 0.0143455 0.00390625 0.00960487 0.0101719 
4 4.387e-05 0.00390625 0.0192829 0.0105655 
4 0.00254223 0.00390625 0.00649944 0.00475102 
4 0.00012353 0.00390625 0.0191311 0.00853965 
4 0.000422032 0.00390625 0.00370552 0.00691349 
4 0.004889 0.00390625 0.00619191 0.012855 
4 0.0067151 0.00390625 0.00616686 0.0040435 
4 0.0054188 0.00390625 0.00288071 0.00972166 
4 0.00773795 0.00390625 0.0156189 0.00717214 
4 0.00533982 0.00390625 0.013027 0.014288 
4 0.0013295 0.00390625 0.00209858 0.0127994 
4 0.0176022 0.00390625 0.00738411 0.000281569 
4 0.000307092 0.00390625 0.00708116 0.00422088 
4 0.00905755 0.00390625 0.000811331 0.0024499 
4 0.00180128 0.00390625 0.00193799 0.0174432 
4 0.00454249 0.00390625 0.00300869 0.00193066 
4 0.00312866 0.00390625 0.0126603 0.000640214 
4 0.00586286 0.00390625 0.00882476 0.00646855 
4 0.00123405 0.00390625 0.00715382 0.0103041 
4 0.0180358 0.00390625 0.0169135 0.00374335 
4 0.00900377 0.00390625 0.00687652 0.00275055 
4 0.0106307 0.00390625 0.0219441 0.00481194 
4 0.00669224 0.00390625 0.00813711 0.0047187 
4 0.00203821 0.00390625 0.00444655 0.0177955 
4 0.0486414 0.00390625 0.0217858 0.0139348 
4 0.00531883 0.00390625 0.00238914 0.0102215 
4 0.0132578 0.00390625 0.013003 0.00320909 
4 0.0340244 0.00390625 0.0112772 0.0188362 
4 0.00234999 0.00390625 0.0103886 0.00572527 
4 0.0148022 0.00390625 0.00369006 0.00170951 
4 0.0413597 0.00390625 0.00631711 0.00446209 
4 0.00569182 0.00390625 0.0126509 0.00700764 
4 0.0110986 0.00390625 0.00571621 0.0102285 
4 0.00555884 0.00390625 0.0127592 0.0110922 
4 0.00617773 0.00390625 0.0253217 0.000790561 
4 0.0021827 0.00390625 0.00719924 0.0171755 
4 0.00102401 0.00390625 0.00695769 0.00789741 
4 0.00288879 0.00390625 0.0073745 0.0015613 
4 0.000726575 0.00390625 0.0105284 0.00262398 
4 0.00563528 0.00390625 0.00199338 0.00694049 
4 0.00217846 0.00390625 0.00362636 0.00189262 
4 0.0091889 0.00390625 0.0335831 0.00929577 
4 0.0208425 0.00390625 0.0177818 0.00485552 
4 0.00149813 0.00390625 0.00557007 0.0125169 
4 0.00123339 0.00390625 0.000826462 0.00236724 
4 0.00369422 0.00390625 0.00934777 0.00908671 
4 0.00248286 0.00390625 0.000442218 0.0296366 
4 0.0150076 0.00390625 0.0106358 0.00680465 
4 0.00175177 0.00390625 0.00405127 0.0162464 
4
2 0.772069 0.25 0.201537 0.749976 
2 0.959696 0.25 0.0220731 0.749965 
2 0.967756 0.25 0.000243993 0.748451 
2 0.984108 0.25 0.00765508 0.707331 
2 0.607927 0.25 0.390637 0.75 
2 0.884357 0.25 0.11102 0.679419 
2 0.992775 0.25 0.00713016 0.749887 
2 0.856796 0.25 0.141365 0.737032 
2 0.931405 0.25 0.0177854 0.724383 
2 0.820026 0.25 0.172672 0.719251 
2 0.141927 0.25 0.829967 0.749805 
2 0.893491 0.25 0.1065 0.748857 
2 0.990756 0.25 0.00279966 0.7445 
2 0.957108 0.25 0.0342223 0.749961 
2 0.29324 0.25 0.706754 0.749993 
2 0.561717 0.25 0.437583 0.74987 
2 0.765186 0.25 0.233769 0.747643 
2 0.847748 0.25 0.147529 0.748279 
2 0.9134 0.25 0.0709816 0.749663 
2 0.317758 0.25 0.674935 0.747291 
2 0.983991 0.25 0.0155762 0.75 
2 0.98894 0.25 0.00823199 0.749863 
2 0.929832 0.25 0.00971886 0.627117 
2 0.916569 0.25 0.0429923 0.748943 
2 0.769768 0.25 0.230205 0.730287 
2 0.931001 0.25 0.0459281 0.744839 
2 0.77132 0.25 0.225978 0.749742 
2 0.920528 0.25 0.0794723 0.75 
2 0.789429 0.25 0.210535 0.749909 
2 0.344221 0.25 0.616914 0.749981 
2 0.497141 0.25 0.462922 0.691414 
2 0.943643 0.25 0.0500922 0.658512 
2 0.926167 0.25 0.0735703 0.749597 
2 0.672838 0.25 0.325475 0.75 
2 0.287526 0.25 0.71133 0.749999 
2 0.833761 0.25 0.165235 0.749999 
2 0.969018 0.25 0.0269536 0.738493 
2 0.994557 0.25 0.00414849 0.749999 
2 0.802125 0.25 0.194576 0.749888 
2 0.981487 0.25 0.0145227 0.75 
2 0.944778 0.25 0.0408188 0.737774 
2 0.506627 0.25 0.49336 0.75 
2 0.977058 0.25 0.0221058 0.75 
2 0.994748 0.25 0.00477513 0.710887 
2 0.621133 0.25 0.362329 0.74999 
2 0.838868 0.25 0.104353 0.749606 
2 0.869555 0.25 0.0945909 0.749996 
2 0.0881467 0.25 0.909966 0.75 
2 0.875713 0.25 0.0792477 0.74991 
2 0.605548 0.25 0.392548 0.75 
2 0.966369 0.25 0.0329966 0.695777 
2 0.955089 0.25 0.00522317 0.688836 
2 0.191384 0.25 0.798515 0.709716 
2 0.969607 0.25 0.0123133 0.666885 
2 0.831679 0.25 0.129421 0.75 
2 0.843612 0.25 0.139076 0.75 
2 0.912103 0.25 0.060531 0.74941 
2 0.890848 0.25 0.0638081 0.66379 
2 0.909631 0.25 0.0234099 0.749997 
2 0.70368 0.25 0.296243 0.749974 
2 0.898653 0.25 0.0284761 0.749986 
2 0.929175 0.25 0.0468009 0.749595 
2 0.868667 0.25 0.115421 0.749997 
2 0.674696 0.25 0.324176 0.741507 
2 0.886982 0.25 0.0828928 0.749967 
2 0.845266 0.25 0.146272 0.748575 
2 0.994992 0.25 0.00431987 0.74999 
2 0.655464 0.25 0.339526 0.75 
2 0.935159 0.25 0.0508738 0.749999 
2 0.143783 0.25 0.844713 0.742439 
2 0.912484 0.25 0.0733121 0.739957 
2 0.931035 0.25 0.0688769 0.749322 
2 0.990808 0.25 0.00914842 0.740352 
2 0.798277 0.25 0.159444 0.749589 
2 0.992765 0.25 0.000368082 0.749573 
2 0.608867 0.25 0.374568 0.720759 
2 0.951677 0.25 0.0384994 0.744792 
2 0.408886 0.25 0.59111 0.749999 
2 0.832486 0.25 0.00829128 0.664572 
2 0.935451 0.25 0.0618691 0.749951 
2 0.23818 0.25 0.759459 0.741895 
2 0.964188 0.25 0.0140782 0.706845 
2 0.83369 0.25 0.0347886 0.725498 
2 0.720171 0.25 0.269342 0.737836 
2 0.974578 0.25 0.0127898 0.741851 
2 0.897285 0.25 0.0509549 0.749999 
2 0.983124 0.25 0.0147637 0.746549 
2 0.918565 0.25 0.078974 0.749965 
2 0.982084 0.25 0.00622152 0.749999 
2 0.983615 0.25 0.0120437 0.749996 
2 0.950222 0.25 0.0402912 0.735196 
2 0.877159 0.25 0.111441 0.748034 
2 0.993012 0.25 0.00575274 0.747521 
2 0.944418 0.25 0.0299004 0.749976 
2 0.946026 0.25 0.0473715 0.749998 
2 0.964557 0.25 0.0313534 0.749542 
3 0.0668921 0.015625 0.0472338 0.0278294 
3 0.00184744 0.015625 0.0770256 0.0796467 
3 0.00385664 0.015625 0.0561148 0.015042 
3 0.0184353 0.015625 0.132839 0.0351139 
3 0.0131489 0.015625 0.063283 0.0758458 
3 0.0151356 0.015625 0.093748 0.123592 
3 0.019426 0.015625 0.0270708 0.00371202 
3 0.0898847 0.015625 0.0304261 0.0154552 
3 0.0721068 0.015625 0.0222926 0.0567335 
3 0.0242351 0.015625 0.00715587 0.0297175 
3 0.0297179 0.015625 0.153572 0.0502551 
3 0.0336595 0.015625 0.0278332 0.0293335 
3 0.0367088 0.015625 0.0475804 0.0854081 
3 0.00705997 0.015625 0.043209 0.124256 
3 0.0204967 0.015625 0.023965 0.0460992 
3 0.00595577 0.015625 0.05271 0.0287759 
3 0.00774786 0.015625 0.0341047 0.0168004 
3 0.000218112 0.015625 0.00446362 0.0119674 
3 0.0618737 0.015625 0.0476931 0.0422185 
3 0.0427856 0.015625 0.0175593 0.0138996 
3 0.0640012 0.015625 0.00163545 0.042299 
3 0.0509075 0.015625 0.0537598 0.072081 
3 0.00482612 0.015625 0.0219248 0.0832881 
3 0.012762 0.015625 0.0816169 0.0747368 
3 0.0114876 0.015625 0.186383 0.118235 
3 0.165454 0.015625 0.0157881 0.00902956 
3 0.049513 0.015625 0.0297275 0.0383323 
3 0.0800701 0.015625 0.035129 0.0195729 
3 0.0439451 0.015625 0.0134102 0.00788912 
3 0.0114496 0.015625 0.00566341 0.00315719 
3 0.0453936 0.015625 0.121092 0.0235466 
3 0.00608363 0.015625 0.0707835 0.139542 
3 0.0201481 0.015625 0.0351694 0.0497836 
3 0.0242603 0.015625 0.0462436 0.0805801 
3 0.00999449 0.015625 0.0495738 0.0451499 
3 0.0414911 0.015625 0.0406728 0.0522945 
3 0.0053047 0.015625 0.0152952 0.0106685 
3 0.00271576 0.015625 0.0200238 0.019475 
3 0.00198244 0.015625 0.0867929 0.0201743 
3 0.0193506 0.015625 0.0164152 0.073299 
3 7.07091e-05 0.015625 0.0107499 0.0209657 
3 0.0378224 0.015625 0.0248054 0.0741076 
3 0.0242455 0.015625 0.0292814 0.0138795 
3 0.0265737 0.015625 0.0337252 0.0116599 
3 0.0191451 0.015625 0.0712251 0.0526277 
3 0.0297129 0.015625 0.0402103 0.0126226 
3 0.0354331 0.015625 0.0314038 0.0703217 
3 0.00183766 0.015625 0.0867856 0.0832449 
3 0.00261036 0.015625 0.0141813 0.0601903 
3 0.00867631 0.015625 0.0652555 0.0485508 
3 0.0610104 0.015625 0.0246254 0.051398 
3 0.00381368 0.015625 0.0725255 0.00770931 
3 0.0247421 0.015625 0.0703765 0.0511733 
3 0.00023253 0.015625 0.0846075 0.018885 
3 0.0234491 0.015625 0.0409943 0.0794157 
3 0.0894661 0.015625 0.024999 0.0156468 
3 0.028044 0.015625 0.0857656 0.0605852 
3 0.0191117 0.015625 0.0890175 0.0403844 
3 0.0139469 0.015625 0.0935272 0.0311601 
3 0.0319812 0.015625 0.03981 0.0654715 
3 0.0737372 0.015625 0.0167779 0.0219208 
3 0.00944589 0.015625 0.0415028 0.090158 
3 0.0112542 0.015625 0.080357 0.00610117 
3 0.0132649 0.015625 0.0892293 0.0155823 
3 0.00567588 0.015625 0.120751 0.0734079 
3 0.00272711 0.015625 0.0405828 0.0528294 
3 0.0153584 0.015625 0.0434464 0.0813283 
3 0.00504402 0.015625 0.0270652 0.0486136 
3 0.0345289 0.015625 0.042149 0.0125161 
3 0.010852 0.015625 0.0517181 0.0376767 
3 0.00773869 0.015625 0.0463383 0.0251738 
3 0.0253175 0.015625 0.0466565 0.023232 
3 0.0550909 0.015625 0.00807045 0.0780814 
3 0.0594639 0.015625 0.00219125 0.0614299 
3 0.00455104 0.015625 0.0589711 0.0651549 
3 0.0324056 0.015625 0.098951 0.00285484 
3 0.0290299 0.015625 0.0916709 0.0889627 
3 0.043848 0.015625 0.113137 0.0462291 
3 0.0344888 0.015625 0.0521445 0.0418651 
3 0.085513 0.015625 0.0704251 0.0291183 
3 0.0213895 0.015625 0.0478689 0.0518555 
3 0.0345207 0.015625 0.016528 0.0362505 
3 0.0176073 0.015625 0.0132589 0.00305796 
3 0.0138399 0.015625 0.123141 0.0462296 
3 0.0223202 0.015625 0.0549335 0.00560468 
3 0.00460828 0.015625 0.0210181 0.064162 
3 0.0173907 0.015625 0.00118901 0.0656664 
3 0.0236734 0.015625 0.0181066 0.0324866 
3 0.00451576 0.015625 0.0268381 0.0594886 
3 0.0109723 0.015625 0.0418899 0.0414357 
3 0.0148924 0.015625 0.179384 0.0588253 
3 0.0056919 0.015625 0.0103486 0.033495 
3 0.00389773 0.015625 0.0133855 0.0125567 
3 0.00446605 0.015625 0.0626393 0.0405129 
3 0.000593053 0.015625 0.00994225 0.00794748 
3 0.0115276 0.015625 0.0371127 0.0251809 
4 0.0163985 0.00390625 0.0141291 0.0197953 
4 0.0012032 0.00390625 0.00415686 0.00129618 
4 0.00141544 0.00390625 0.0226238 0.00352091 
4 0.01367 0.00390625 0.00512335 0.00711278 
4 0.00101932 0.00390625 0.0114133 0.0061761 
4 0.00252406 0.00390625 0.0137832 0.000718345 
4 0.000114106 0.00390625 0.000282894 0.0160707 
4 0.0254538 0.00390625 8.70318e-05 0.00180722 
4 0.00270809 0.00390625 0.00118242 5.09303e-05 
4 0.00301792 0.00390625 0.000558847 0.000129742 
4 0.000761496 0.00390625 0.011624 0.00573246 
4 0.00931287 0.00390625 0.00731769 0.00303531 
4 0.0143343 0.00390625 0.00244047 0.0068353 
4 0.000158563 0.00390625 0.00943878 0.00618492 
4 0.00763679 0.00390625 0.000209803 0.0102542 
4 0.00427831 0.00390625 0.00419488 0.0100142 
4 0.00673481 0.00390625 0.00941473 0.0079199 
4 0.0174256 0.00390625 0.000938897 0.00725969 
4 0.00288697 0.00390625 0.00491082 0.0194034 
4 0.00107341 0.00390625 0.00749998 0.00354119 
4 0.00361196 0.00390625 0.00657063 0.00179408 
4 0.0015937 0.00390625 0.0031949 0.018136 
4 0.00581072 0.00390625 0.00532458 0.00756913 
4 0.00137729 0.00390625 0.00119102 0.00902304 
4 0.0101125 0.00390625 0.0060176 0.0112337 
4 0.00697583 0.00390625 0.00536472 0.0065236 
4 0.00011354 0.00390625 0.00913637 0.0198424 
4 0.00122853 0.00390625 0.00261778 0.0241207 
4 0.00172059 0.00390625 0.0116224 0.00991289 
4 0.002462 0.00390625 0.0332364 0.00976737 
4 0.0122546 0.00390625 0.0179033 0.00441576 
4 0.00795228 0.00390625 0.0511864 0.00456009 
4 0.0165317 0.00390625 0.0279971 0.0058566 
4 0.0114257 0.00390625 0.00355176 0.00809246 
4 0.00488265 0.00390625 0.0016155 0.0108994 
4 0.00444379 0.00390625 0.0145469 0.00839305 
4 0.00253667 0.00390625 0.00901092 0.0183732 
4 0.00665924 0.00390625 0.000409394 0.00161906 
4 0.00624382 0.00390625 0.00626018 0.00029579 
4 0.000648648 0.00390625 0.00173293 0.0163306 
4 0.00847931 0.00390625 0.00393291 0.000720403 
4 0.0110121 0.00390625 0.00898391 0.00429908 
4 0.00183565 0.00390625 0.00455994 0.00940546 
4 0.00233966 0.00390625 0.00424993 0.00295481 
4 0.00551965 0.00390625 0.00514797 0.0115767 
4 0.000446833 0.00390625 0.00647252 0.0157268 
4 0.000894064 0.00390625 0.0167808 0.016033 
4 0.00144424 0.00390625 0.0160043 0.00652706 
4 0.00782788 0.00390625 0.0145174 0.00446729 
4 0.0211948 0.00390625 0.000907593 0.0146636 
4 0.000476717 0.00390625 0.0144203 0.00576874 
4 0.00922725 0.00390625 0.00624288 0.00224382 
4 0.00367787 0.00390625 0.00568348 0.0113834 
4 0.00605955 0.00390625 0.000104375 0.0030555 
4 0.0135423 0.00390625 0.000151141 0.00935941 
4 0.00156698 0.00390625 0.0126266 0.00912106 
4 0.00177965 0.00390625 0.00410179 0.012875 
4 0.00731719 0.00390625 0.00442489 0.00736436 
4 0.000358408 0.00390625 0.00972892 0.00717534 
4 0.00445782 0.00390625 0.0104114 0.00296071 
4 0.00970389 0.00390625 0.00116056 0.00490959 
4 0.00336407 0.00390625 0.00252917 0.0077595 
4 0.00451031 0.00390625 0.00108139 0.0092282 
4 0.012704 0.00390625 0.00953988 0.00830177 
4 0.00464824 0.00390625 0.0127165 0.0196021 
4 0.0152067 0.00390625 0.00586667 0.021183 
4 0.00323393 0.00390625 0.00336877 0.0113011 
4 0.00440283 0.00390625 0.00551947 0.0182803 
4 0.00472692 0.00390625 0.00701184 0.0141365 
4 0.00740383 0.00390625 0.0277666 0.00588173 
4 0.0113088 0.00390625 0.0852937 0.000498593 
4 0.00438127 0.00390625 0.0242487 0.0046236 
4 0.00141101 0.00390625 0.00332133 0.00663795 
4 0.00271945 0.00390625 0.0183153 0.00708577 
4 0.00643216 0.00390625 0.0120316 0.0113982 
4 0.00105223 0.00390625 0.010446 0.00277131 
4 0.0107725 0.00390625 0.00168904 0.00217377 
4 0.00823847 0.00390625 0.00337352 0.00333043 
4 0.0231262 0.00390625 0.00134203 0.00331117 
4 0.00952485 0.00390625 0.0135133 0.0103127 
4 0.00752129 0.00390625 0.00677914 0.0106756 
4 0.00151359 0.00390625 0.00329803 0.00135016 
4 0.00110239 0.00390625 0.0132901 0.0269604 
4 0.00727753 0.00390625 0.00651186 0.00653291 
4 0.00884509 0.00390625 0.00156844 0.00741794 
4 0.00337074 0.00390625 0.0086664 0.00226337 
4 0.000176048 0.00390625 0.000894907 0.00117652 
4 0.00086426 0.00390625 0.0151395 0.00248341 
4 0.000287727 0.00390625 0.000632853 0.00569543 
4 0.012663 0.00390625 0.0218477 0.00936529 
4 0.00824502 0.00390625 0.0129988 4.06599e-05 
4 0.00772618 0.00390625 0.00361622 0.00289538 
4 0.00113505 0.00390625 0.0128501 0.00352378 
4 0.00251282 0.00390625 0.00711105 0.00652767 
4 0.000821738 0.00390625 0.0172431 0.011526 
4 0.00246211 0.00390625 0.00834637 0.00374911 
5
2 0.896832 0.25 0.0948165 0.749987 
2 0.979264 0.25 0.0170463 0.749994 
2 0.997081 0.25 0.000268137 0.738859 
2 0.986417 0.25 0.00956264 0.74999 
2 0.979697 0.25 0.0202296 0.749994 
2 0.864538 0.25 0.135421 0.741467 
2 0.964292 0.25 0.0355191 0.75 
2 0.920008 0.25 0.0751969 0.75 
2 0.974908 0.25 0.0183045 0.749999 
2 0.861009 0.25 0.138287 0.749999 
2 0.972907 0.25 0.0270791 0.75 
2 0.20838 0.25 0.784425 0.749914 
2 0.993033 0.25 0.00574154 0.734364 
2 0.976962 0.25 0.00984183 0.749822 
2 0.162415 0.25 0.829123 0.75 
2 0.460498 0.25 0.538987 0.75 
2 0.380057 0.25 0.619802 0.75 
2 0.904612 0.25 0.0804653 0.749999 
2 0.99807 0.25 0.00150153 0.730001 
2 0.368761 0.25 0.631022 0.749981 
2 0.847054 0.25 0.14409 0.74781 
2 0.858238 0.25 0.139747 0.748498 
2 0.99609 0.25 0.00231079 0.75 
2 0.94421 0.25 0.0555151 0.74996 
2 0.639748 0.25 0.360241 0.749995 
2 0.972338 0.25 0.0274551 0.749992 
2 0.907762 0.25 0.0921457 0.749998 
2 0.874593 0.25 0.125407 0.75 
2 0.7947 0.25 0.202874 0.749971 
2 0.361183 0.25 0.638338 0.75 
2 0.639771 0.25 0.360211 0.749764 
2 0.953292 0.25 0.045818 0.745131 
2 0.997964 0.25 0.00199501 0.749998 
2 0.625402 0.25 0.373025 0.75 
2 0.776871 0.25 0.222488 0.749998 
2 0.952281 0.25 0.0473964 0.749999 
2 0.996351 0.25 0.00331765 0.75 
2 0.883999 0.25 0.111318 0.749948 
2 0.989913 0.25 0.00773287 0.749999 
2 0.951061 0.25 0.0431499 0.749996 
2 0.977516 0.25 0.0131059 0.742298 
2 0.638255 0.25 0.361745 0.75 
2 0.778106 0.25 0.22009 0.745696 
2 0.968994 0.25 0.0290905 0.749997 
2 0.845094 0.25 0.139025 0.749996 
2 0.549753 0.25 0.422913 0.749951 
2 0.993064 0.25 0.00679351 0.749987 
2 0.109229 0.25 0.890701 0.748349 
2 0.984919 0.25 0.00330539 0.749996 
2 0.980733 0.25 0.0186022 0.749894 
2 0.958739 0.25 0.0407207 0.749991 
2 0.967197 0.25 0.0253943 0.741856 
2 0.844193 0.25 0.155052 0.749995 
2 0.97351 0.25 0.0154041 0.749179 
2 0.97641 0.25 0.0162658 0.75 
2 0.540654 0.25 0.459265 0.749999 
2 0.897003 0.25 0.0530719 0.749998 
2 0.956515 0.25 0.0111112 0.749886 
2 0.783401 0.25 0.2119 0.749989 
2 0.881178 0.25 0.111531 0.75 
2 0.824793 0.25 0.125345 0.749752 
2 0.922328 0.25 0.0570819 0.749998 
2 0.89675 0.25 0.0882907 0.742601 
2 0.163244 0.25 0.836614 0.75 
2 0.992405 0.25 0.000609723 0.749999 
2 0.985884 0.25 0.0140799 0.75 
2 0.979151 0.25 0.0148098 0.74999 
2 0.932791 0.25 0.0669542 0.75 
2 0.994633 0.25 0.00509276 0.75 
2 0.849651 0.25 0.150348 0.74615 
2 0.966645 0.25 0.0307031 0.696759 
2 0.950656 0.25 0.0490073 0.75 
2 0.687919 0.25 0.312081 0.749992 
2 0.954775 0.25 0.00865189 0.749999 
2 0.977487 0.25 0.0169969 0.749998 
2 0.962431 0.25 0.0373531 0.749295 
2 0.966546 0.25 0.00401491 0.749271 
2 0.887227 0.25 0.112773 0.75 
2 0.970066 0.25 0.00731194 0.749934 
2 0.994645 0.25 0.00522447 0.749952 
2 0.442534 0.25 0.557465 0.749999 
2 0.965835 0.25 0.0316144 0.749991 
2 0.964688 0.25 0.00245865 0.748918 
2 0.470092 0.25 0.526155 0.746531 
2 0.980122 0.25 0.0184953 0.749418 
2 0.997584 0.25 9.20026e-05 0.749992 
2 0.980195 0.25 0.00261962 0.733333 
2 0.821139 0.25 0.165114 0.746989 
2 0.882972 0.25 0.108338 0.749985 
2 0.966665 0.25 0.0294931 0.749999 
2 0.890468 0.25 0.102904 0.749976 
2 0.989425 0.25 0.00985276 0.749995 
2 0.973783 0.25 0.00809957 0.737136 
2 0.987522 0.25 0.00237869 0.722426 
2 0.460976 0.25 0.538637 0.749999 
2 0.959548 0.25 0.00594862 0.749998 
3 0.0160565 0.015625 0.0170091 0.0411613 
3 0.0563038 0.015625 0.0664793 0.0189654 
3 0.0124285 0.015625 0.0756633 0.0777794 
3 0.013705 0.015625 0.0567915 0.0133655 
3 0.00675614 0.015625 0.0306051 0.063451 
3 0.0243684 0.015625 0.016911 0.0025816 
3 0.0096677 0.015625 0.0780532 0.00430637 
3 0.0207757 0.015625 0.107735 0.0531564 
3 0.0192202 0.015625 0.0581363 0.0530229 
3 0.0071495 0.015625 0.00104614 0.0140149 
3 0.0145813 0.015625 0.072968 0.0550921 
3 0.0249372 0.015625 0.118182 0.0496941 
3 0.0391703 0.015625 0.0486619 0.00368279 
3 0.0234142 0.015625 0.0425989 0.0516051 
3 0.0356623 0.015625 0.0216149 0.099868 
3 0.0118821 0.015625 0.0864855 0.0169077 
3 0.0232381 0.015625 0.053645 0.034553 
3 0.00128836 0.015625 0.00112253 0.0216912 
3 0.00196312 0.015625 0.0070853 0.0209439 
3 0.00137731 0.015625 0.0463234 0.0231753 
3 0.013811 0.015625 0.0146038 0.0374704 
3 0.0272393 0.015625 0.0545431 0.0867305 
3 0.0561548 0.015625 0.0394031 0.043047 
3 0.0643199 0.015625 0.0952773 0.0636527 
3 0.0236887 0.015625 0.0292162 0.187105 
3 0.190272 0.015625 0.0189864 0.0242394 
3 0.00706537 0.015625 0.00602994 0.0172109 
3 0.00625093 0.015625 0.0339544 0.0431185 
3 0.00931338 0.015625 0.0990578 0.0527125 
3 0.122115 0.015625 0.0201325 0.0292572 
3 0.0951912 0.015625 0.0187728 0.0367585 
3 0.0665497 0.015625 0.327819 0.0608297 
3 0.0124196 0.015625 0.0382719 0.0382427 
3 0.00388343 0.015625 0.0468145 0.00841242 
3 0.00850889 0.015625 0.123421 0.0516453 
3 0.0556838 0.015625 0.0199872 0.0514785 
3 0.00417812 0.015625 0.044733 0.0374109 
3 0.00367269 0.015625 0.007056 0.0646981 
3 0.0212468 0.015625 0.0729446 0.0632018 
3 0.0865119 0.015625 0.0681505 0.0450123 
3 0.0473703 0.015625 0.0326021 0.0274272 
3 0.00296048 0.015625 0.0559515 0.078634 
3 0.0576987 0.015625 0.0287599 0.0525226 
3 0.0393048 0.015625 0.0427558 0.0259223 
3 0.107837 0.015625 0.0586141 0.0400446 
3 0.0248116 0.015625 0.038126 0.0157075 
3 0.00297436 0.015625 0.0161496 0.0205152 
3 0.000581301 0.015625 0.108104 0.103262 
3 0.0653699 0.015625 0.01581 0.0163066 
3 0.0195285 0.015625 0.0510393 0.00642233 
3 0.0679214 0.015625 0.0948339 0.0678564 
3 0.00114304 0.015625 0.0857121 0.0492267 
3 0.000104776 0.015625 0.076985 0.0552519 
3 0.111206 0.015625 0.0134314 0.0619329 
3 0.0616453 0.015625 0.0708762 0.0495589 
3 0.0204848 0.015625 0.0192918 0.092048 
3 0.0168301 0.015625 0.0636748 0.0578186 
3 0.0326817 0.015625 0.128615 0.0462556 
3 0.0861637 0.015625 0.0710359 0.0305715 
3 0.0115329 0.015625 0.0480064 0.0266245 
3 0.0622656 0.015625 0.0226559 0.13879 
3 0.0155816 0.015625 0.0453591 0.0843493 
3 0.0251537 0.015625 0.0023486 0.00201055 
3 0.00779573 0.015625 0.13287 0.051814 
3 0.0812919 0.015625 0.0736228 0.0698583 
3 0.0460384 0.015625 0.0819333 0.0614274 
3 0.0863061 0.015625 0.0178547 0.0691401 
3 0.0203541 0.015625 0.00360111 0.0298914 
3 0.00126253 0.015625 0.0482315 0.0303605 
3 0.00356775 0.015625 0.215724 0.0276598 
3 0.0523432 0.015625 0.088202 0.03768 
3 0.0144026 0.015625 0.0642631 0.0348043 
3 0.0020332 0.015625 0.144976 0.0319197 
3 0.0443692 0.015625 0.0341028 0.0436512 
3 0.000450722 0.015625 0.0647114 0.119963 
3 0.0223944 0.015625 0.0267356 0.0170424 
3 0.0087149 0.015625 0.025878 0.0409863 
3 0.0189723 0.015625 0.0106634 0.0129738 
3 0.0366072 0.015625 0.00880265 0.0656596 
3 0.0441674 0.015625 0.0636869 0.0809052 
3 0.0854678 0.015625 0.0176354 0.124939 
3 0.0597007 0.015625 0.0285513 0.113438 
3 0.0539591 0.015625 0.0215413 0.0152226 
3 0.00890315 0.015625 0.164539 0.0256101 
3 0.0245337 0.015625 0.00854952 0.0301471 
3 0.010538 0.015625 0.0444323 0.0389534 
3 0.0599179 0.015625 0.0321603 0.0136424 
3 0.0043119 0.015625 0.0418671 0.0157506 
3 0.040502 0.015625 0.113787 0.0203529 
3 0.0520322 0.015625 0.06565 0.0273986 
3 0.0240503 0.015625 0.0210928 0.0225785 
3 0.00969585 0.015625 0.122607 0.0543715 
3 0.012516 0.015625 0.00582871 0.0050108 
3 0.0188728 0.015625 0.0229379 0.0492859 
3 0.028506 0.015625 0.00377863 0.0347974 
3 0.141206 0.015625 0.00263807 0.0415395 
4 0.00262334 0.00390625 0.0134484 0.00556395 
4 0.000475909 0.00390625 0.00152425 0.00701392 
4 0.00277265 0.00390625 0.00434552 0.0033788 
4 0.0119052 0.00390625 0.00697095 0.0124818 
4 0.000646372 0.00390625 0.00482185 0.0124458 
4 0.000258386 0.00390625 0.00643969 0.00430704 
4 0.00571769 0.00390625 0.00778595 0.00144456 
4 0.000327836 0.00390625 1.40121e-05 0.00413618 
4 0.00075386 0.00390625 0.00552216 0.0112186 
4 0.000464944 0.00390625 0.00635764 0.000868688 
4 0.000688266 0.00390625 0.0033469 0.00763595 
4 0.00112505 0.00390625 0.00424155 0.00683677 
4 0.008272 0.00390625 0.0101778 0.00589262 
4 0.00287946 0.00390625 0.00540408 0.00181916 
4 0.00550687 0.00390625 0.00459133 0.00046259 
4 0.000970792 0.00390625 0.0112344 0.00843137 
4 0.000376204 0.00390625 0.00416539 0.00549289 
4 0.00789658 0.00390625 0.00213994 0.00188443 
4 0.000121932 0.00390625 0.0227138 0.00847884 
4 0.00329202 0.00390625 0.0106239 0.00925764 
4 0.000608028 0.00390625 0.000628021 6.91681e-05 
4 0.00475815 0.00390625 0.00492533 0.0149026 
4 0.00697286 0.00390625 0.0147389 0.0170734 
4 0.00309409 0.00390625 0.00469515 0.01651 
4 0.00521262 0.00390625 0.0171217 0.00554817 
4 0.00401854 0.00390625 0.00271005 0.00332758 
4 0.0146168 0.00390625 0.0129645 0.00540228 
4 0.00910171 0.00390625 0.00516388 0.0249667 
4 0.00429386 0.00390625 0.00470378 0.0128499 
4 0.00242107 0.00390625 0.0210087 0.00497244 
4 0.0101003 0.00390625 0.0086847 0.00245018 
4 0.00243562 0.00390625 0.0102027 0.00920453 
4 0.00303091 0.00390625 0.0112356 0.00134949 
4 0.00406776 0.00390625 0.00724532 0.0145298 
4 0.00122946 0.00390625 0.00393262 0.0106473 
4 0.0076859 0.00390625 0.0242493 0.00970407 
4 0.00182897 0.00390625 0.0125286 0.00314761 
4 0.00929051 0.00390625 0.00692465 0.00776205 
4 0.000353621 0.00390625 0.00165565 0.0142951 
4 0.000397384 0.00390625 0.0277626 0.00999814 
4 0.00181555 0.00390625 0.00588313 0.00113071 
4 0.00893792 0.00390625 0.00968809 0.0079685 
4 0.000218506 0.00390625 0.0226546 0.011999 
4 0.00626824 0.00390625 0.004932 0.00358487 
4 0.0045759 0.00390625 0.00487295 0.00126616 
4 0.00198162 0.00390625 0.00841432 0.0148517 
4 0.00118175 0.00390625 0.0357437 0.00760602 
4 0.0115707 0.00390625 0.00683045 0.00500661 
4 0.000272968 0.00390625 0.0105244 0.0218234 
4 0.00527721 0.00390625 0.0039595 0.000265683 
4 0.000437318 0.00390625 0.00138837 0.00970549 
4 0.00260773 0.00390625 0.00340051 0.00925938 
4 0.00470689 0.00390625 0.0168323 0.0254773 
4 0.0015098 0.00390625 0.00155621 0.00838686 
4 0.00863284 0.00390625 0.00388819 0.00475036 
4 0.00430113 0.00390625 0.00468641 0.00507875 
4 0.0108764 0.00390625 0.00582389 0.0185466 
4 0.0144477 0.00390625 0.0140485 0.0096771 
4 0.0120945 0.00390625 0.00614267 0.00290491 
4 0.00252538 0.00390625 0.00803809 0.00390009 
4 0.00287415 0.00390625 0.0148459 0.0142217 
4 0.0121239 0.00390625 0.0002977 0.00660835 
4 0.00460556 0.00390625 0.00111754 0.00337003 
4 0.00462344 0.00390625 0.0216535 0.00261926 
4 0.00312038 0.00390625 0.0208976 0.00473733 
4 0.000621103 0.00390625 0.00224547 0.00562769 
4 0.00411037 0.00390625 0.000934732 0.0165412 
4 0.00321925 0.00390625 0.00420442 0.00624688 
4 0.00104422 0.00390625 0.0147703 0.00920909 
4 0.00404891 0.00390625 0.00230902 0.0202723 
4 0.0101159 0.00390625 0.0110093 0.0303962 
4 0.00872347 0.00390625 0.00252307 0.00820791 
4 0.00629988 0.00390625 0.00476835 0.0173168 
4 0.00342794 0.00390625 0.0159952 0.014888 
4 0.0128175 0.00390625 0.00568301 0.00718239 
4 0.000901029 0.00390625 0.00486629 0.00657136 
4 0.00651915 0.00390625 0.00206762 0.00111434 
4 0.00493896 0.00390625 0.00171023 0.00604746 
4 0.011652 0.00390625 0.00610429 0.00471281 
4 0.0324826 0.00390625 0.0026103 0.0173169 
4 0.0008804 0.00390625 0.0124357 0.0271124 
4 0.00424537 0.00390625 0.00166654 0.00464764 
4 0.00113418 0.00390625 0.0167649 0.0281696 
4 0.000795343 0.00390625 0.00439925 0.00564633 
4 0.000268207 0.00390625 0.00593122 0.00324866 
4 0.00560283 0.00390625 0.0019083 0.00609418 
4 0.00142097 0.00390625 0.00554878 0.00518662 
4 0.0011098 0.00390625 0.00145687 0.0038055 
4 0.0118128 0.00390625 0.00825454 0.0016215 
4 0.00291008 0.00390625 0.00466016 0.00834178 
4 0.00140255 0.00390625 0.0121132 0.00426414 
4 0.00482434 0.00390625 0.000925495 0.00196218 
4 0.0023409 0.00390625 0.0122388 0.00778382 
4 0.0157838 0.00390625 0.0186549 0.0210985 
4 0.00165107 0.00390625 0.00517672 0.00607965 
4 0.00116934 0.00390625 0.00768464 0.00955134 
6
2 0.996728 0.25 0.00028327 0.749661 
2 0.970172 0.25 0.0175306 0.75 
2 0.990857 0.25 0.004548 0.749969 
2 0.981981 0.25 0.0103693 0.749787 
2 0.682306 0.25 0.314395 0.748762 
2 0.934707 0.25 0.0652812 0.75 
2 0.855192 0.25 0.142605 0.75 
2 0.995767 0.25 0.00330443 0.75 
2 0.988114 0.25 0.00735799 0.749877 
2 0.863662 0.25 0.136035 0.747413 
2 0.592766 0.25 0.407146 0.749995 
2 0.523242 0.25 0.475868 0.748393 
2 0.97862 0.25 0.0165573 0.747979 
2 0.997894 0.25 0.0018869 0.745694 
2 0.779659 0.25 0.220341 0.75 
2 0.417534 0.25 0.582436 0.749999 
2 0.215837 0.25 0.752664 0.75 
2 0.963194 0.25 0.0344311 0.75 
2 0.963743 0.25 0.0254531 0.749903 
2 0.920544 0.25 0.0794521 0.749999 
2 0.931047 0.25 0.0374565 0.74962 
2 0.976199 0.25 0.0209166 0.749993 
2 0.9947 0.25 0.00192762 0.747331 
2 0.97348 0.25 0.0235874 0.749805 
2 0.67829 0.25 0.321415 0.75 
2 0.9837 0.25 0.0156109 0.75 
2 0.890527 0.25 0.109457 0.74945 
2 0.274731 0.25 0.725269 0.75 
2 0.0807037 0.25 0.919059 0.75 
2 0.401251 0.25 0.598748 0.75 
2 0.0314176 0.25 0.968487 0.75 
2 0.989575 0.25 0.0103442 0.749995 
2 0.286088 0.25 0.707237 0.74167 
2 0.316428 0.25 0.68346 0.75 
2 0.574585 0.25 0.424569 0.75 
2 0.740963 0.25 0.258422 0.75 
2 0.993306 0.25 0.00389694 0.75 
2 0.975521 0.25 0.0210855 0.749774 
2 0.992858 0.25 0.00698989 0.749881 
2 0.998684 0.25 0.0010503 0.749992 
2 0.976676 0.25 0.0133046 0.749977 
2 0.727859 0.25 0.272141 0.75 
2 0.998527 0.25 0.00139942 0.75 
2 0.783038 0.25 0.214946 0.749999 
2 0.738234 0.25 0.258032 0.74999 
2 0.998981 0.25 0.000333888 0.75 
2 0.982949 0.25 0.0131847 0.749992 
2 0.925574 0.25 0.0735934 0.75 
2 0.975946 0.25 0.0101025 0.749948 
2 0.587247 0.25 0.412719 0.749999 
2 0.987007 0.25 0.0129741 0.749988 
2 0.998482 0.25 0.000809805 0.641431 
2 0.946782 0.25 0.051731 0.75 
2 0.999893 0.25 1.40332e-05 0.749996 
2 0.965798 0.25 0.0340399 0.748523 
2 0.940656 0.25 0.0586862 0.75 
2 0.967179 0.25 0.0146106 0.749873 
2 0.999723 0.25 0.000154029 0.749408 
2 0.974034 0.25 0.0248234 0.747455 
2 0.647579 0.25 0.349265 0.749997 
2 0.927893 0.25 0.0447747 0.749991 
2 0.505105 0.25 0.492312 0.75 
2 0.999782 0.25 0.000138617 0.749999 
2 0.971466 0.25 0.0154385 0.749831 
2 0.983387 0.25 0.00755222 0.75 
2 0.69422 0.25 0.304625 0.749999 
2 0.971433 0.25 0.000585895 0.749994 
2 0.714771 0.25 0.284853 0.75 
2 0.995152 0.25 0.00438422 0.749982 
2 0.22248 0.25 0.777518 0.75 
2 0.828264 0.25 0.170045 0.744127 
2 0.532238 0.25 0.464333 0.75 
2 0.0899136 0.25 0.910086 0.75 
2 0.968951 0.25 0.0305842 0.749985 
2 0.996688 0.25 0.00139454 0.749998 
2 0.926315 0.25 0.0735809 0.75 
2 0.954182 0.25 0.0361155 0.749445 
2 0.355614 0.25 0.644361 0.75 
2 0.996014 0.25 0.00156916 0.736227 
2 0.992105 0.25 0.00783005 0.75 
2 0.32973 0.25 0.670252 0.75 
2 0.999652 0.25 0.000280453 0.74997 
2 0.974641 0.25 0.00829243 0.749994 
2 0.960297 0.25 0.0289175 0.749999 
2 0.956072 0.25 0.0199008 0.736188 
2 0.99719 0.25 0.00204795 0.749806 
2 0.994086 0.25 0.0012497 0.749949 
2 0.999821 0.25 0.000166333 0.75 
2 0.952498 0.25 0.0450713 0.749993 
2 0.838316 0.25 0.158257 0.749996 
2 0.966045 0.25 0.0256887 0.74999 
2 0.96379 0.25 0.0307835 0.749999 
2 0.971739 0.25 0.0196982 0.747523 
2 0.984743 0.25 0.00107989 0.749996 
2 0.989328 0.25 0.0106095 0.749988 
2 0.998403 0.25 0.00133675 0.749999 
3 0.123537 0.015625 0.0425462 0.081076 
3 0.0223283 0.015625 0.111188 0.0405938 
3 0.0422441 0.015625 0.0618582 0.0524234 
3 0.0182252 0.015625 0.0631238 0.0992362 
3 0.0581263 0.015625 0.0750847 0.138175 
3 0.00296246 0.015625 0.00765504 0.0178804 
3 0.0231659 0.015625 0.0724856 0.00214871 
3 0.0415558 0.015625 0.0521813 0.0302376 
3 0.00301004 0.015625 0.0360634 0.0647025 
3 0.0287573 0.015625 0.00668123 0.0305588 
3 0.0752434 0.015625 0.113316 0.0781692 
3 0.0508425 0.015625 0.0248431 0.0254545 
3 0.00220983 0.015625 0.133329 0.030458 
3 0.0107052 0.015625 0.0300949 0.0359629 
3 0.0243434 0.015625 0.00744422 0.0739389 
3 0.0013322 0.015625 0.0548099 0.0146045 
3 0.0781421 0.015625 0.0325577 0.0568683 
3 0.0115049 0.015625 0.0105591 0.0219763 
3 0.0311883 0.015625 0.00447026 0.0216247 
3 0.016775 0.015625 0.0348413 0.0344309 
3 0.0317889 0.015625 0.00697472 0.000963721 
3 0.0103832 0.015625 0.0892894 0.0754259 
3 0.0147637 0.015625 0.0215244 0.100132 
3 0.0143793 0.015625 0.0468607 0.0657539 
3 0.0672799 0.015625 0.122868 0.0130648 
3 0.160068 0.015625 0.0364027 0.0197992 
3 0.0453543 0.015625 0.00986964 0.0355536 
3 0.129692 0.015625 0.0426774 0.112875 
3 0.0228123 0.015625 0.0122824 0.0549632 
3 0.0291191 0.015625 0.000815035 0.0170484 
3 0.0959462 0.015625 0.0293179 0.0418426 
3 0.0152416 0.015625 0.156661 0.0469853 
3 0.00629216 0.015625 0.0585858 0.0943405 
3 0.0352406 0.015625 0.0238896 0.0559911 
3 0.0133981 0.015625 0.0444993 0.0890783 
3 0.0678097 0.015625 0.026459 0.0724283 
3 0.0166333 0.015625 0.0462507 0.0427614 
3 0.0156403 0.015625 0.101221 0.0558658 
3 0.0446245 0.015625 0.0988263 0.10809 
3 0.0675934 0.015625 0.0494483 0.0736879 
3 0.0191424 0.015625 0.0767037 0.00808217 
3 0.0409395 0.015625 0.0541236 0.0769702 
3 0.00706778 0.015625 0.065338 0.0815114 
3 0.00901147 0.015625 0.0343362 0.024764 
3 0.0126722 0.015625 0.036811 0.0274052 
3 0.0167929 0.015625 0.0398707 0.0110794 
3 0.0100667 0.015625 0.0553202 0.112703 
3 0.0392934 0.015625 0.071542 0.0453609 
3 0.00882929 0.015625 0.0279636 0.064205 
3 0.0166318 0.015625 0.0274944 0.018651 
3 0.0654275 0.015625 0.0440422 0.032223 
3 0.033016 0.015625 0.10559 0.0170821 
3 0.0354264 0.015625 0.0579576 0.0729219 
3 0.0279516 0.015625 0.00386897 0.00954305 
3 0.0394834 0.015625 0.0369085 0.00869238 
3 0.024904 0.015625 0.0155465 0.0044784 
3 0.00313188 0.015625 0.0482848 0.126649 
3 0.00928924 0.015625 0.06116 0.0469912 
3 0.0184763 0.015625 0.0598165 0.133933 
3 0.0328046 0.015625 0.00736835 0.051164 
3 0.127001 0.015625 0.051647 0.0145339 
3 0.0135174 0.015625 0.0335831 0.0889134 
3 0.00374342 0.015625 0.0010762 0.0424802 
3 0.0220434 0.015625 0.107859 0.0744109 
3 0.0314781 0.015625 0.0342233 0.0251917 
3 0.0760477 0.015625 0.00242614 0.0668377 
3 0.00469278 0.015625 0.101305 0.0807027 
3 0.0237166 0.015625 0.0116405 0.0158629 
3 0.0126461 0.015625 0.0281758 0.0100201 
3 0.111774 0.015625 0.289455 0.0785074 
3 0.122254 0.015625 0.0209155 0.0487241 
3 0.0294802 0.015625 0.0471604 0.0723453 
3 0.0610181 0.015625 0.0644254 0.0447468 
3 0.00839641 0.015625 0.0209478 0.0378971 
3 0.0081313 0.015625 0.0420002 0.0993343 
3 0.0141987 0.015625 0.149727 0.0676359 
3 0.00392124 0.015625 0.0271755 0.025907 
3 0.125764 0.015625 0.00767426 0.0320457 
3 0.000771311 0.015625 0.0258135 0.107046 
3 0.102301 0.015625 0.0177454 0.0468575 
3 0.0398858 0.015625 0.00603055 0.0990938 
3 0.0519036 0.015625 0.0606838 0.0389585 
3 0.0354858 0.015625 0.00958796 0.0286394 
3 0.00237032 0.015625 0.145161 0.0504354 
3 0.0320158 0.015625 0.0119014 0.0341086 
3 0.0298499 0.015625 0.0651052 0.0387474 
3 0.0117329 0.015625 0.112915 0.0895994 
3 0.0125791 0.015625 0.0179068 0.0240289 
3 0.0388822 0.015625 0.0577883 0.0694852 
3 0.065203 0.015625 0.0137122 0.0217912 
3 0.0067734 0.015625 0.0244788 0.0765405 
3 0.0309356 0.015625 0.0330855 0.0392948 
3 0.0159563 0.015625 0.0306165 0.0146895 
3 0.014512 0.015625 0.0525452 0.0582861 
3 0.00414742 0.015625 0.0824433 0.000951802 
3 0.0339547 0.015625 0.0396078 0.092298 
4 0.00150277 0.00390625 0.00849918 0.00539635 
4 0.00914574 0.00390625 0.00700732 0.011399 
4 0.000606327 0.00390625 0.00751151 0.00304072 
4 0.00374458 0.00390625 0.00723025 0.00213596 
4 0.00154228 0.00390625 0.00142562 0.0237314 
4 0.00925175 0.00390625 0.00598846 0.00631301 
4 0.000155984 0.00390625 0.0256689 0.00434248 
4 0.00137909 0.00390625 0.00136105 0.0133203 
4 0.000285192 0.00390625 0.00263315 0.0151123 
4 0.00940838 0.00390625 0.00625605 0.0154438 
4 0.00272099 0.00390625 0.00111427 0.0168632 
4 0.00609522 0.00390625 0.0152893 0.00793533 
4 0.00205419 0.00390625 0.00611091 0.0172235 
4 0.00203389 0.00390625 0.00249653 0.00354563 
4 0.00621528 0.00390625 0.00170166 0.00635147 
4 0.00042638 0.00390625 0.00780073 0.00467604 
4 0.00324146 0.00390625 0.0130937 0.00780628 
4 0.000381649 0.00390625 0.00179387 0.00226305 
4 0.00454627 0.00390625 0.00441106 0.011524 
4 0.0102604 0.00390625 0.0164374 0.00312163 
4 0.00744413 0.00390625 0.00874073 0.00380657 
4 0.00223299 0.00390625 0.00746492 0.00715868 
4 0.00130759 0.00390625 0.00537244 0.00426053 
4 0.0110365 0.00390625 0.0052283 0.00634208 
4 0.000632694 0.00390625 0.0126382 0.0181548 
4 0.0031182 0.00390625 0.00178712 0.00111777 
4 0.0151424 0.00390625 0.0169862 0.00261347 
4 0.000922871 0.00390625 0.0296967 0.0067823 
4 0.00899001 0.00390625 0.0123594 0.00949738 
4 0.000604237 0.00390625 0.00976689 0.0127107 
4 0.0113604 0.00390625 0.0162845 0.0203764 
4 0.00800143 0.00390625 0.0389378 0.000729827 
4 0.00446885 0.00390625 0.00902089 0.00734562 
4 0.000136696 0.00390625 0.012282 0.0177417 
4 0.0118222 0.00390625 0.00537756 0.00415943 
4 0.00518286 0.00390625 0.00402667 0.020189 
4 0.00117574 0.00390625 0.00432774 0.0168374 
4 0.0229606 0.00390625 0.00884531 0.00702164 
4 0.00247366 0.00390625 0.0116595 0.000352999 
4 0.0097252 0.00390625 0.00340683 0.000925604 
4 0.0077038 0.00390625 4.29374e-05 0.00466497 
4 0.00296916 0.00390625 0.00585085 0.00459096 
4 0.0125262 0.00390625 0.0157092 0.00500608 
4 0.00995821 0.00390625 0.00234475 0.00148195 
4 0.00725035 0.00390625 0.00183716 0.00358976 
4 0.0157612 0.00390625 0.0115993 0.00278204 
4 0.0212188 0.00390625 0.0137553 0.0219836 
4 0.00358553 0.00390625 0.0134148 0.0084263 
4 0.0104052 0.00390625 0.0118868 0.0162794 
4 0.0127806 0.00390625 0.000947816 0.0210299 
4 0.00149399 0.00390625 0.00019139 0.0112062 
4 0.0151147 0.00390625 0.00586918 0.00312758 
4 0.00212846 0.00390625 0.0280792 0.00557934 
4 0.00215816 0.00390625 0.000643957 0.00494301 
4 0.00437786 0.00390625 0.0016913 0.00354142 
4 0.00142395 0.00390625 0.0365623 0.00184821 
4 0.00111826 0.00390625 0.00810743 0.00534062 
4 0.00156056 0.00390625 0.00202057 0.00638101 
4 0.0124747 0.00390625 2.25027e-05 0.0118742 
4 0.00477741 0.00390625 0.00432519 0.000428103 
4 0.00492527 0.00390625 0.000484493 0.0153203 
4 0.000550313 0.00390625 0.012844 0.00515832 
4 0.0102793 0.00390625 0.00154277 0.000510281 
4 0.00974283 0.00390625 0.0125429 0.00948354 
4 0.00461567 0.00390625 0.00588875 0.0102667 
4 0.0013597 0.00390625 0.000800087 0.0116508 
4 0.00122093 0.00390625 0.000861334 0.00386973 
4 4.75537e-05 0.00390625 0.000202987 0.0016171 
4 0.0126281 0.00390625 0.00307818 0.00419429 
4 0.00417098 0.00390625 0.00402812 0.000150092 
4 0.0124701 0.00390625 0.0162121 0.0156839 
4 0.018544 0.00390625 0.00251581 0.00763826 
4 0.000755368 0.00390625 0.00995871 0.00656607 
4 0.0114474 0.00390625 0.00598282 0.0111598 
4 0.0124467 0.00390625 0.00533059 0.00521522 
4 0.00346101 0.00390625 0.00620657 0.00889682 
4 0.00201053 0.00390625 0.000723869 0.0345154 
4 0.000603285 0.00390625 0.00536966 0.0128089 
4 0.00229076 0.00390625 0.00436183 0.00138438 
4 0.00535318 0.00390625 0.00323646 0.0141846 
4 0.00390844 0.00390625 0.00872397 0.00501063 
4 0.0174699 0.00390625 0.00256662 0.00171947 
4 0.00209839 0.00390625 0.0158567 0.0311941 
4 0.00455656 0.00390625 0.00348824 0.0038445 
4 0.00287675 0.00390625 0.0017179 0.00656176 
4 0.00907096 0.00390625 0.00609252 0.0148515 
4 0.00250947 0.00390625 0.00743708 0.000403649 
4 0.00866829 0.00390625 0.00130263 0.00202513 
4 0.0176925 0.00390625 0.00819117 0.00327434 
4 0.00840143 0.00390625 0.00618103 0.00424136 
4 0.0176011 0.00390625 0.000375519 0.00312604 
4 0.00877172 0.00390625 0.00484848 0.000168195 
4 0.00312567 0.00390625 0.00739127 0.00916311 
4 0.00705342 0.00390625 0.00618501 0.00957822 
4 0.000842551 0.00390625 0.00498224 0.0208635 
4 0.000993853 0.00390625 0.00057488 0.00212358 
