1
2 0.728891 0.25 0.00267001 0.402741 
2 0.698801 0.25 0.0326716 0.40603 
2 0.519592 0.25 0.198941 0.0260714 
2 0.725815 0.25 0.0782647 0.490146 
2 0.977391 0.25 0.00359435 0.487026 
2 0.25 0.25 0.25 0.448864 
3 0.0312376 0.015625 0.0558158 0.0729225 
3 0.015625 0.015625 0.03125 0.0505795 
3 0.0446095 0.015625 0.0315811 0.0313254 
3 0.0474233 0.015625 0.046948 0.0389183 
3 0.0160499 0.015625 0.0469547 0.0360669 
3 0.015625 0.015625 0.015625 0.0063645 
4 0.00179637 0.00390625 0.00553131 0.00657018 
4 0.000493654 0.00390625 0.00935024 0.0078125 
4 0.00379503 0.00390625 0.00533572 0.0208294 
4 0.00523176 0.00390625 0.00639221 0.0140205 
4 0.00415716 0.00390625 0.00142665 0.00637327 
4 0.00475316 0.00390625 0.0109138 0.00339496 
5 9.53674e-07 9.53674e-07 5.72205e-05 6.10653e-05 
5 9.53674e-07 9.53674e-07 5.72205e-06 5.72251e-06 
5 9.53785e-07 9.53674e-07 5.72251e-06 5.72205e-06 
5 4.20072e-06 9.53674e-07 5.98051e-05 1.1445e-05 
5 9.53674e-07 9.53674e-07 1.14441e-05 1.14443e-05 
5 9.53647e-07 9.53674e-07 5.72189e-06 5.72205e-06 
2
2 0.936577 0.25 0.0451636 0.464303 
2 0.96532 0.25 0.019896 0.400004 
2 0.869821 0.25 0.0436346 0.298971 
2 0.894857 0.25 0.0564131 0.615444 
2 0.779876 0.25 0.203947 0.56031 
2 0.456448 0.25 0.534393 0.408898 
3 0.0118131 0.015625 0.0164662 0.0696785 
3 0.0169913 0.015625 0.0155935 0.00751973 
3 0.0100635 0.015625 0.0347947 0.0910574 
3 0.00678894 0.015625 0.0798956 0.0411683 
3 0.00361815 0.015625 0.0859336 0.0258303 
3 0.0038158 0.015625 0.0263017 0.000110775 
4 0.000263423 0.00390625 0.00426993 0.00726747 
4 0.00184613 0.00390625 0.0165165 0.0161763 
4 0.0258258 0.00390625 0.00847047 0.025208 
4 0.0122315 0.00390625 0.00268169 0.0031679 
4 0.0031061 0.00390625 0.00286038 0.00332009 
4 0.00979636 0.00390625 0.000461035 0.0079255 
5 1.40419e-06 9.53674e-07 6.05833e-05 6.33526e-05 
5 1.29745e-06 9.53674e-07 1.28399e-05 6.68542e-07 
5 7.58809e-06 9.53674e-07 1.06675e-05 5.95201e-06 
5 8.82236e-07 9.53674e-07 1.78334e-05 1.12039e-05 
5 1.20611e-06 9.53674e-07 4.43689e-06 2.6746e-06 
5 7.98675e-07 9.53674e-07 5.93326e-06 3.99357e-06 
3
2 0.860382 0.25 0.130765 0.691189 
2 0.98973 0.25 0.00682257 0.743829 
2 0.814786 0.25 0.00839911 0.68186 
2 0.975345 0.25 0.00715939 0.748682 
2 0.749873 0.25 0.210294 0.707677 
2 0.0923246 0.25 0.90405 0.641577 
3 0.0456591 0.015625 0.0452498 0.0572917 
3 0.0567083 0.015625 0.0369633 0.0916146 
3 0.0153883 0.015625 0.0997666 0.0495503 
3 0.00383025 0.015625 0.0314047 0.0347142 
3 0.0618428 0.015625 0.038827 0.0279323 
3 0.0484107 0.015625 0.018642 0.0157008 
4 0.00183617 0.00390625 0.0148235 0.00277628 
4 0.0104327 0.00390625 0.0157574 0.00306509 
4 0.0136405 0.00390625 0.0185777 0.00998913 
4 0.001481 0.00390625 0.00927471 0.00703044 
4 4.11829e-05 0.00390625 0.00222075 0.000622294 
4 0.00106035 0.00390625 0.00514206 0.00449701 
5 1.71602e-06 9.53674e-07 5.69092e-05 5.86427e-05 
5 2.01546e-08 9.53674e-07 9.83767e-06 7.80844e-06 
5 7.87403e-07 9.53674e-07 4.46838e-06 1.20638e-05 
5 2.74898e-06 9.53674e-07 5.11732e-05 1.02267e-05 
5 1.5955e-06 9.53674e-07 2.31378e-05 9.3676e-06 
5 1.70572e-06 9.53674e-07 2.00623e-05 6.21551e-06 
4
2 0.772069 0.25 0.201537 0.749976 
2 0.959696 0.25 0.0220731 0.749965 
2 0.967756 0.25 0.000243993 0.748451 
2 0.984108 0.25 0.00765508 0.707331 
2 0.607927 0.25 0.390637 0.75 
2 0.884357 0.25 0.11102 0.679419 
3 0.0668921 0.015625 0.0472338 0.0278294 
3 0.00184744 0.015625 0.0770256 0.0796467 
3 0.00385664 0.015625 0.0561148 0.015042 
3 0.0184353 0.015625 0.132839 0.0351139 
3 0.0131489 0.015625 0.063283 0.0758458 
3 0.0151356 0.015625 0.093748 0.123592 
4 0.0163985 0.00390625 0.0141291 0.0197953 
4 0.0012032 0.00390625 0.00415686 0.00129618 
4 0.00141544 0.00390625 0.0226238 0.00352091 
4 0.01367 0.00390625 0.00512335 0.00711278 
4 0.00101932 0.00390625 0.0114133 0.0061761 
4 0.00252406 0.00390625 0.0137832 0.000718345 
5 1.44215e-05 9.53674e-07 4.20864e-05 5.68172e-05 
5 2.63337e-06 9.53674e-07 3.56719e-05 5.70995e-06 
5 1.12274e-05 9.53674e-07 1.60121e-05 1.18336e-05 
5 8.49712e-08 9.53674e-07 1.54935e-05 1.2958e-05 
5 1.06066e-07 9.53674e-07 9.26443e-06 8.75236e-06 
5 2.87502e-08 9.53674e-07 9.61069e-06 4.98026e-06 
5
2 0.896832 0.25 0.0948165 0.749987 
2 0.979264 0.25 0.0170463 0.749994 
2 0.997081 0.25 0.000268137 0.738859 
2 0.986417 0.25 0.00956264 0.74999 
2 0.979697 0.25 0.0202296 0.749994 
2 0.864538 0.25 0.135421 0.741467 
3 0.0160565 0.015625 0.0170091 0.0411613 
3 0.0563038 0.015625 0.0664793 0.0189654 
3 0.0124285 0.015625 0.0756633 0.0777794 
3 0.013705 0.015625 0.0567915 0.0133655 
3 0.00675614 0.015625 0.0306051 0.063451 
3 0.0243684 0.015625 0.016911 0.0025816 
4 0.00262334 0.00390625 0.0134484 0.00556395 
4 0.000475909 0.00390625 0.00152425 0.00701392 
4 0.00277265 0.00390625 0.00434552 0.0033788 
4 0.0119052 0.00390625 0.00697095 0.0124818 
4 0.000646372 0.00390625 0.00482185 0.0124458 
4 0.000258386 0.00390625 0.00643969 0.00430704 
5 1.42782e-06 9.53674e-07 5.54247e-05 5.64001e-05 
5 6.44953e-06 9.53674e-07 9.73379e-06 3.362e-06 
5 3.24791e-06 9.53674e-07 1.39861e-05 9.9143e-06 
5 2.93502e-06 9.53674e-07 2.40298e-05 7.14295e-06 
5 6.0229e-06 9.53674e-07 2.07565e-05 1.21694e-05 
5 4.60334e-06 9.53674e-07 5.04031e-06 7.37229e-06 
6
2 0.996728 0.25 0.00028327 0.749661 
2 0.970172 0.25 0.0175306 0.75 
2 0.990857 0.25 0.004548 0.749969 
2 0.981981 0.25 0.0103693 0.749787 
2 0.682306 0.25 0.314395 0.748762 
2 0.934707 0.25 0.0652812 0.75 
3 0.123537 0.015625 0.0425462 0.081076 
3 0.0223283 0.015625 0.111188 0.0405938 
3 0.0422441 0.015625 0.0618582 0.0524234 
3 0.0182252 0.015625 0.0631238 0.0992362 
3 0.0581263 0.015625 0.0750847 0.138175 
3 0.00296246 0.015625 0.00765504 0.0178804 
4 0.00150277 0.00390625 0.00849918 0.00539635 
4 0.00914574 0.00390625 0.00700732 0.011399 
4 0.000606327 0.00390625 0.00751151 0.00304072 
4 0.00374458 0.00390625 0.00723025 0.00213596 
4 0.00154228 0.00390625 0.00142562 0.0237314 
4 0.00925175 0.00390625 0.00598846 0.00631301 
5 1.4217e-06 9.53674e-07 4.00433e-05 5.8411e-05 
5 6.35966e-08 9.53674e-07 6.60273e-06 3.60043e-06 
5 1.45979e-06 9.53674e-07 3.29643e-05 5.85217e-06 
5 4.99536e-06 9.53674e-07 1.4348e-05 1.05897e-05 
5 1.81856e-06 9.53674e-07 2.19102e-05 1.45347e-05 
5 4.96097e-09 9.53674e-07 9.62086e-06 5.52218e-06 
